ROWS
5
COLS
8
MATRIX
-4.6144816066 1.9622432264 -3.5606677860 -0.3746774517 1.7164676412 2.9295127166 -0.4681077153 -0.0172777020
-4.8084289198 -0.6761116105 -1.2762531918 3.5228863319 0.4698390429 2.5531683825 -0.6593186115 -3.2381189572
3.5087525179 3.2021998707 -1.2414171432 -4.0425688654 0.1243034627 -0.0402276122 2.7230099132 0.9721691890
0.0667601281 0.7515892522 -1.2307481420 -4.5108025835 -4.3878932158 4.4190361397 3.3909820144 -2.0384021643
3.8875227479 0.2225272822 -3.9695929000 3.5568800430 0.8437706272 4.3278725929 1.7925167874 -4.0590129163
VECTOR
1.2274766309 2.8688613062 3.9891324731 -1.6872501127 0.2889141935 2.0115514427 -3.3318168576 3.4835971207
EXPECTED
-5.7183275694 -22.6890382802 9.6312949372 -5.8383224487 -27.5891226508
TOLERANCE
1e-08
