ROWS
8
COLS
5
MATRIX
-0.9146412075 0.4197200910 3.6203661648 -3.2333435580 -2.7484047942
-4.7090274673 -3.8334946656 -4.9119437411 -3.4330966492 0.1371320850
4.8949291038 1.9351026143 -1.2157342888 -0.9495226468 1.9130962841
-1.7388012738 -4.2644656942 3.4152289691 1.1721995591 -3.8799017287
-4.2993331262 -4.0537245370 4.5892324534 -3.9228313459 1.2531696872
4.6956747986 -4.6499667060 -1.1412115324 -0.2271902952 4.1688946031
-3.1140683494 -2.4165313134 -2.5203535872 -4.5079526273 1.7371682048
3.1670544058 -0.6363494910 -4.6216647522 2.1357998024 2.3704601708
VECTOR
1.5344604709 -1.7134716086 3.3048168921 1.3055820356 0.8997361214
EXPECTED
3.1477536853 -21.2491135037 0.6591547351 13.9651404124 11.5213020035 14.8557076381 -13.2895730827 -4.4024186675
TOLERANCE
1e-08
