ROWS
10
COLS
10
MATRIX
2.7885359692 -9.4997848955 -4.4994136326 -5.5357852370 4.7294242833 3.5339897485 7.8435913541 -8.2612233474 -1.5615636063 -9.4040556112
-5.6272405039 0.1071057621 -9.4692806063 -6.0232469863 2.9976887556 0.8988296121 -5.5911875592 1.7853136775 6.1886091336 -9.8700248064
6.1163850367 3.9627878998 -3.1949896696 -6.8904100038 9.1442614441 -3.2681090977 -8.1450831324 -8.0656724633 6.9498873269 2.0745206273
6.1425654655 4.5946357339 0.7245618291 9.4623152796 -2.4293124558 1.0408126255 6.5880932851 2.3703950473 7.2341380062 1.5470429051
4.0914367243 -9.0835123269 -5.4420344870 -4.2122407280 -8.4041604615 -5.3441822728 -7.9799714118 -4.4405279378 2.7136888853 -2.7033564206
-2.5963806577 -5.8098593846 -4.6604435590 8.7330917542 2.9607077049 2.1826201133 -6.5772270360 4.5825359590 -6.7319501248 -2.4108911648
9.7904670127 2.7999951971 1.1389948755 3.6922850198 6.8570384038 5.5199982309 -5.4190385607 -9.3579951219 -3.6909390388 -4.6451824805
-5.7803431283 8.8581942867 7.5273525295 -3.7064423840 3.1087733059 -2.0873619788 8.2909517948 -0.8229629483 -4.7023966700 -5.0674498461
1.2273626833 -4.7451678295 1.6917198045 7.9564576720 -2.0119898972 -5.6135848169 9.9507521299 0.1905258735 -8.1818117565 -9.0576724915
-7.8070173930 2.5489208341 5.8415872873 -1.5568006640 -8.7294458770 -2.3676142699 9.9224276048 0.5822869020 9.4215675523 7.2155940447
VECTOR
-9.7703795611 4.4144363872 3.6342073805 0.7394066082 -4.6634962009 2.8192359716 -7.7689565281 -1.3046949866 -0.9255258734 9.0763185504
EXPECTED
-235.7858309673 -49.0623720965 -24.6310484968 -62.7685572595 -38.0977859034 11.0546862578 -77.2778215751 -5.1669725042 -179.5444170857 120.5673873757
TOLERANCE
1e-08
