8 7 97
18 5 66
7 14 79
17 7 92
4 0 9
12 17 86
2 14 1
18 9 60
4 16 50
17 9 31
3 3 25
11 1 98
4 11 50
9 9 84
14 18 20
14 13 11
19 13 82
19 12 94
12 14 38
12 17 76
7 17 77
12 6 70
9 18 64
5 1 9
14 18 93
10 3 41
13 10 38
10 19 98
19 6 99
8 7 84
6 5 24
7 4 15
11 6 70
9 8 4
14 11 11
5 6 30
7 19 67
16 18 28
2 13 2
13 12 16
4 18 97
2 7 8
9 1 19
10 4 27
7 9 95
8 16 59
9 3 61
2 5 82
11 4 14
15 18 81
17 13 82
1 8 28
7 9 81
16 2 69
13 9 27
0 1 100
13 4 81
12 0 15
0 1 78
2 10 39
13 12 6
4 15 13
14 16 87
12 18 25
3 19 11
13 10 43
5 15 20
10 6 61
12 17 97
18 11 95
1 10 50
4 12 28
13 18 28
3 6 62
6 10 25
5 13 32
12 3 18
8 18 15
3 12 91
8 17 84
15 5 79
2 17 9
17 15 90
11 19 86
8 6 57
2 2 33
1 11 81
8 16 48
5 9 27
1 11 8
14 17 1
11 1 31
15 4 74
12 18 88
12 2 86
2 4 20
2 18 3
17 11 96
2 15 88
12 7 29
7 14 99
7 16 95
17 10 70
11 11 29
9 9 32
11 7 51
4 11 32
7 13 14
0 9 81
14 8 10
7 3 89
10 10 19
11 18 76
17 12 83
8 10 62
7 7 6
11 18 56
19 16 67
18 2 10
1 6 97
6 3 4
19 8 20
16 7 34
11 9 14
6 17 72
14 1 47
13 17 72
8 4 86
12 11 66
10 11 4
3 4 87
18 3 29
19 19 10
12 18 95
19 8 64
11 10 90
13 16 25
13 14 83
4 10 13
18 13 31
15 18 67
5 3 9
7 13 69
11 17 32
2 12 53
5 1 99
11 12 78
4 0 89
5 7 83
8 7 67
12 8 31
4 8 48
0 13 70
2 5 79
14 15 32
14 3 79
3 5 36
10 14 45
3 5 83
4 13 33
18 3 30
8 13 62
0 11 78
15 16 42
17 18 33
9 1 7
11 4 6
15 15 36
7 14 13
13 15 76
2 13 3
1 1 55
11 19 15
16 1 42
2 17 28
17 14 34
16 5 90
6 5 32
9 4 58
10 17 36
14 9 30
15 14 48
12 10 4
10 14 95
2 16 19
13 1 11
17 1 99
3 14 83
17 14 77
6 0 13
3 12 29
0 9 30
4 17 76
8 9 29
3 14 49
8 4 30
12 11 39
19 9 48
2 15 40
15 16 30
2 0 70
13 15 20
9 2 54
15 16 1
6 0 51
7 5 44
17 18 17
0 7 10
9 10 11
4 16 14
19 16 42
9 10 99
4 10 3
5 17 49
0 19 24
15 0 13
7 4 90
0 7 98
4 19 77
5 18 93
9 17 93
14 1 2
14 11 45
2 3 1
0 2 62
19 16 4
10 2 46
18 0 18
12 13 46
4 1 47
2 6 96
16 11 58
14 7 24
2 11 35
4 19 29
6 9 40
7 18 60
18 2 62
3 18 30
15 3 2
13 1 100
7 9 31
7 14 62
6 2 97
12 17 29
4 7 49
12 16 84
9 12 5
12 4 64
12 18 95
5 8 33
3 9 32
2 16 14
13 12 73
19 8 49
10 1 35
16 9 91
5 0 20
6 17 14
13 2 79
12 9 52
6 10 59
1 5 39
4 13 18
8 8 45
3 5 70
3 11 86
8 8 76
3 4 69
6 12 80
6 10 46
4 7 74
5 7 57
12 3 35
10 9 41
13 0 67
5 11 26
18 3 73
6 6 98
2 10 37
14 9 68
18 6 3
18 2 28
3 7 84
10 19 5
19 4 28
4 18 35
11 5 72
7 2 94
2 0 60
10 19 62
2 4 64
8 15 47
19 0 18
19 17 28
12 14 35
18 2 46
17 17 7
3 7 43
5 10 58
0 7 46
7 0 70
9 9 8
3 2 82
17 3 22
13 9 97
13 1 3
9 4 64
17 16 24
19 19 20
12 13 69
7 5 20
5 19 61
7 12 69
16 19 26
14 10 11
12 13 1
18 10 10
8 17 24
17 9 6
18 14 61
19 18 57
3 9 85
13 9 19
7 4 64
15 19 44
8 2 25
9 9 7
16 15 51
18 16 34
7 19 69
15 2 94
14 7 1
5 0 42
16 8 97
9 17 7
8 17 32
0 17 100
2 16 88
6 1 8
10 15 91
10 10 37
19 5 11
3 9 6
15 19 18
0 19 50
14 2 73
17 7 13
5 8 53
7 1 9
11 19 19
17 9 16
11 1 37
3 0 19
17 17 16
15 6 40
2 11 40
7 19 85
12 18 81
4 8 14
17 6 67
6 11 49
4 2 64
7 14 76
10 2 14
10 8 41
3 2 36
13 9 64
8 6 30
19 7 82
18 14 65
18 0 24
11 2 25
17 1 56
2 6 28
18 18 19
18 1 18
8 0 36
5 13 16
10 16 84
16 14 73
18 7 69
13 0 20
12 11 63
8 6 11
16 6 88
3 8 56
18 8 95
8 2 84
13 3 64
0 15 58
4 0 15
3 5 25
14 2 93
18 19 75
5 19 39
7 16 22
2 5 87
11 9 64
14 6 62
9 3 80
9 11 9
12 18 75
12 9 36
6 8 26
7 19 10
17 18 75
5 0 69
11 11 90
16 13 14
8 19 93
11 1 90
3 1 82
4 8 34
14 4 58
12 18 14
18 15 25
14 19 19
12 19 26
9 19 47
8 15 69
9 4 60
12 9 7
3 11 55
14 9 98
19 7 42
1 8 85
8 16 94
15 16 77
6 1 20
8 12 44
4 5 28
2 12 53
16 19 94
18 16 36
15 10 70
17 5 27
16 11 5
1 2 15
2 16 61
10 19 96
4 16 15
4 10 29
3 13 95
16 15 80
6 18 59
15 17 85
11 11 1
5 12 40
8 19 77
0 19 80
7 15 57
2 0 36
19 17 16
7 16 59
17 7 51
10 16 56
17 10 23
3 1 29
6 3 73
5 15 56
4 6 34
1 1 16
7 10 99
16 16 50
9 5 85
12 13 24
7 1 76
13 7 94
0 13 61
0 2 94
19 8 83
11 0 20
0 19 22
8 13 1
3 11 2
1 9 31
15 8 57
6 15 54
19 4 6
13 11 28
13 12 41
14 11 57
14 10 20
8 18 19
12 11 73
14 16 97
18 15 42
0 11 68
4 9 33
0 14 97
8 11 43
14 8 59
4 8 54
18 11 31
9 2 73
15 15 83
15 16 83
9 15 64
2 15 37
3 11 60
0 13 56
6 17 13
7 1 59
16 7 75
11 13 9
6 5 19
10 12 73
3 9 74
18 18 42
16 19 17
6 11 61
6 4 66
6 18 31
3 8 26
17 11 58
4 13 78
15 16 38
14 14 75
15 18 35
15 6 1
12 14 27
7 12 84
6 9 92
16 9 59
8 5 32
2 2 60
19 2 39
6 12 1
17 18 69
14 13 28
17 6 62
17 19 80
14 19 84
0 15 59
5 17 45
5 2 35
5 11 97
1 2 75
4 18 21
0 12 33
0 17 13
19 7 48
12 15 36
11 13 22
9 19 9
7 8 77
16 18 22
7 1 23
16 2 68
18 12 69
12 13 77
17 19 84
4 11 83
13 4 34
6 10 39
6 19 49
16 18 44
0 10 36
13 11 23
14 6 26
2 11 37
11 9 98
14 8 32
7 7 60
3 9 20
17 17 22
1 7 36
14 14 6
14 13 33
7 17 15
4 3 21
7 15 99
2 18 86
19 17 67
11 3 83
19 6 45
14 19 1
8 14 78
10 0 90
13 8 5
11 13 30
12 5 94
16 4 52
13 6 96
17 2 30
16 12 84
5 15 89
17 10 18
5 17 68
14 11 87
12 10 74
17 12 87
16 10 100
4 19 25
11 9 14
3 1 90
2 12 41
5 0 51
16 2 54
18 10 29
16 2 32
19 2 68
5 13 30
9 2 83
10 4 39
3 6 65
9 3 23
16 1 99
0 13 66
17 16 68
16 3 37
17 5 49
0 16 49
10 16 46
10 3 22
2 9 36
1 0 45
12 7 82
13 15 7
2 8 51
5 11 30
3 9 1
16 15 33
14 2 78
4 15 23
5 7 19
8 7 31
15 16 77
12 8 54
15 11 78
18 3 60
11 15 1
5 9 37
5 15 97
17 13 11
12 9 10
10 5 13
13 14 76
0 5 59
3 5 13
12 19 49
0 18 39
15 6 83
4 8 78
16 3 74
3 19 44
6 0 12
0 16 90
14 8 55
7 9 26
18 12 79
18 7 89
8 1 45
5 2 79
12 8 57
1 19 93
11 0 77
11 5 73
9 13 37
18 15 88
1 0 46
15 1 6
4 17 9
1 1 95
6 11 15
15 9 48
12 3 1
2 14 89
9 13 49
1 11 26
18 5 2
10 0 86
19 13 43
11 6 65
6 16 31
10 17 47
14 1 72
6 15 54
12 13 20
5 9 74
12 17 5
12 15 62
1 12 17
0 12 36
15 16 100
13 12 93
0 10 29
8 7 34
5 12 14
10 16 16
12 19 15
13 14 69
11 2 78
14 3 26
5 12 100
4 13 11
19 16 62
5 0 92
7 13 28
9 11 14
11 12 36
12 8 50
12 16 88
8 10 38
8 0 34
2 18 74
18 9 66
8 1 86
0 15 76
8 15 44
5 1 19
19 3 16
15 1 92
8 3 12
8 9 56
3 9 53
4 3 45
1 0 38
1 10 87
12 6 23
3 17 50
14 18 63
15 18 68
2 12 50
13 13 48
8 9 43
18 6 96
6 7 24
0 14 57
18 10 28
17 18 90
3 10 30
11 0 5
10 13 38
11 2 89
10 5 90
18 5 35
7 10 67
17 19 44
5 9 95
1 19 22
13 18 76
4 8 34
18 5 36
0 17 15
3 13 99
0 19 74
15 0 18
19 15 2
15 6 19
11 4 60
6 6 13
15 12 11
3 4 84
14 15 50
12 12 12
3 7 44
17 5 46
8 18 39
9 11 47
2 12 78
5 12 20
19 14 53
2 3 2
6 3 52
3 7 87
8 16 33
3 0 95
9 19 97
15 3 13
6 6 21
14 1 6
9 0 53
16 2 46
4 1 41
3 4 39
5 1 8
7 9 55
6 2 84
11 18 61
10 13 50
11 19 36
19 4 71
8 13 50
4 19 59
9 14 1
1 11 39
18 15 4
8 3 35
17 5 3
11 0 92
12 12 54
4 18 94
17 1 71
13 10 29
13 15 9
5 1 87
14 3 48
6 4 41
6 6 33
4 1 35
2 2 43
13 5 45
5 6 44
16 1 12
4 1 41
14 9 26
7 1 66
14 15 89
1 11 16
10 1 42
12 5 53
19 9 56
19 9 56
19 6 67
10 4 73
19 8 34
8 15 71
1 13 19
3 1 70
10 15 91
18 7 63
8 0 51
17 0 52
12 15 76
0 0 8
6 19 87
7 11 55
16 6 53
9 0 88
15 2 37
1 17 45
10 16 35
13 5 68
1 6 66
1 4 12
15 3 92
4 17 25
3 9 63
14 19 97
11 17 35
14 2 21
1 6 68
4 11 51
19 8 29
17 4 46
1 6 82
5 2 16
15 15 99
6 9 46
2 1 73
5 9 8
5 0 18
15 14 98
17 1 76
16 9 61
18 14 13
15 10 37
10 19 41
5 17 26
9 17 3
15 9 99
18 11 10
11 7 88
8 12 23
7 19 44
17 10 27
18 9 41
13 10 29
6 13 74
1 12 85
14 7 80
6 5 45
16 10 35
15 3 65
4 3 91
10 18 9
9 14 11
18 12 68
11 13 55
15 15 18
15 14 26
6 0 69
12 4 76
16 19 77
1 13 85
6 8 87
2 5 71
8 11 98
9 12 43
10 19 18
5 19 2
4 8 74
0 6 77
14 0 51
3 15 65
7 0 20
15 17 68
11 7 53
12 8 19
0 1 12
19 19 94
9 4 55
16 2 81
17 3 74
9 17 100
16 13 92
10 11 85
0 12 8
12 19 41
12 7 28
5 14 48
8 19 89
5 12 97
5 7 44
4 7 60
9 3 8
0 6 86
16 10 2
14 13 72
1 11 40
1 8 56
16 8 12
1 7 35
17 18 59
2 16 23
3 13 33
0 7 47
11 9 13
11 15 50
11 17 100
13 4 54
15 4 50
8 12 14
0 7 78
0 6 43
1 18 12
14 12 10
5 10 57
16 13 90
15 19 6
13 12 44
7 1 86
3 17 22
2 18 85
16 10 74
0 11 9
2 16 81
7 4 89
19 14 3
2 18 73
14 8 61
3 0 13
11 5 92
12 15 51
18 10 34
16 7 5
0 16 2
10 5 3
7 3 65
11 19 54
16 17 70
12 16 59
8 19 82
0 2 93
13 2 40
8 14 42
15 18 30
2 6 36
10 15 35
18 6 48
5 1 2
0 7 39
13 1 60
8 5 40
16 19 66
16 8 62
10 6 7
7 2 59
15 7 57
12 19 13
8 9 85
9 9 20
7 13 54
12 8 13
17 6 15
19 13 62
1 4 100
12 14 12
19 0 73
5 11 22
16 19 96
8 17 83
8 17 18
5 13 4
12 12 96
11 11 31
15 19 51
2 2 36
4 0 83
9 12 93
18 17 100
9 11 16
3 6 5
1 18 42
4 11 25
1 17 46
8 0 6
15 19 63
9 5 22
11 12 17
11 19 3
14 16 82
7 6 32
2 2 97
3 0 63
19 4 7
17 12 63
5 19 34
15 10 98
15 13 56
16 9 91
8 4 77
2 3 99
16 8 21
6 16 91
16 10 39
5 7 25
11 14 16
17 15 65
5 8 82
10 12 65
12 16 52
9 6 30
19 17 1
0 6 26
16 18 2
14 5 97
10 18 28
18 10 54
7 1 67
17 0 24
19 3 4
14 13 75
17 6 28
9 4 17
7 11 55
6 0 80
4 12 9
4 5 23
6 8 44
4 12 95
14 10 22
17 19 95
14 0 98
9 17 19
5 3 45
10 5 27
19 14 42
15 9 9
15 11 63
19 10 29
0 17 4
16 3 8
18 7 33
10 4 21
5 14 44
4 16 94
0 13 19
7 4 26
16 15 76
2 9 5
18 10 24
2 11 44
11 4 51
1 13 29
18 7 69
17 17 63
18 16 63
19 6 90
2 8 55
18 14 10
11 8 87
2 8 77
2 5 30
11 4 52
3 0 97
0 3 69
1 19 6
8 6 91
18 13 8
3 13 82
19 19 99
15 11 81
0 19 45
11 8 85
7 10 42
3 15 64
7 14 9
9 15 21
9 1 61
1 18 9
18 18 99
15 13 42
8 16 59
18 12 19
14 4 97
8 6 87
19 6 47
9 12 11
17 1 100
8 13 74
6 17 68
17 6 13
1 4 15
9 8 18
2 8 95
17 11 93
4 11 29
17 1 63
1 18 34
8 8 73
3 7 92
16 19 20
3 8 51
11 10 65
4 5 7
16 4 80
6 4 3
6 3 44
15 0 38
10 13 57
12 16 81
16 11 10
12 17 96
10 2 67
14 17 57
7 9 91
12 15 87
0 6 84
19 14 32
17 18 23
3 7 85
7 12 98
16 8 80
10 13 32
17 7 65
9 13 58
12 2 66
14 1 66
10 16 70
15 2 28
4 13 52
3 0 47
3 7 25
17 14 32
4 15 11
16 12 24
16 13 78
4 18 69
6 19 4
16 5 85
7 12 45
1 3 61
16 3 84
3 19 84
1 19 65
15 6 21
5 8 49
11 2 12
13 0 58
19 14 81
6 5 51
12 17 22
13 6 54
16 17 100
9 12 68
9 4 92
15 17 45
14 0 9
19 7 12
15 5 98
14 10 71
4 4 7
5 17 38
6 9 2
0 19 69
12 5 70
11 10 12
17 3 59
12 13 97
12 6 87
4 15 81
5 11 9
19 15 84
17 16 52
7 18 16
4 15 58
11 0 89
13 13 96
2 5 24
6 12 41
14 14 85
16 4 76
19 12 49
4 13 13
1 12 35
5 0 81
18 7 54
3 6 52
15 15 52
0 11 12
16 10 49
1 3 52
14 8 9
14 14 39
18 10 6
12 9 69
12 5 28
8 12 61
11 19 36
3 0 82
10 10 33
7 5 15
17 7 8
3 6 42
15 17 54
6 1 69
7 9 79
2 9 74
12 6 85
4 7 24
14 11 45
10 14 28
19 15 6
1 12 57
15 5 77
8 14 66
1 7 46
8 1 64
6 0 33
19 14 60
5 11 17
7 11 16
12 5 88
15 11 14
10 18 51
7 14 26
10 11 63
2 17 76
13 11 58
8 10 39
16 0 24
16 17 48
7 17 36
0 1 79
3 17 38
13 10 83
10 13 36
16 16 33
18 14 70
3 1 5
5 13 29
8 9 50
9 3 2
4 9 26
3 17 9
7 7 16
16 11 48
2 17 2
10 10 63
10 18 92
7 17 7
3 8 33
18 7 59
15 5 89
3 8 33
17 11 26
13 4 68
11 15 12
12 6 81
16 5 87
6 7 81
6 18 12
0 2 34
9 14 53
13 14 32
18 0 67
15 19 22
5 2 40
17 0 68
18 8 48
15 0 25
10 18 23
15 18 75
12 15 15
7 16 67
17 12 20
13 13 34
12 16 89
3 9 2
18 8 4
16 16 87
9 14 24
7 17 17
18 11 84
14 17 82
9 4 7
1 10 41
17 16 58
5 19 2
7 9 85
6 6 43
4 5 39
14 6 32
17 5 93
11 13 19
11 4 23
0 2 37
13 19 39
19 17 93
9 11 90
6 7 75
7 6 17
1 8 33
18 11 4
19 4 83
13 3 45
18 0 38
12 15 79
0 3 3
12 7 37
18 14 44
10 5 7
0 5 88
15 11 99
14 7 65
10 8 95
14 14 49
10 18 36
2 0 80
16 7 43
19 19 67
12 16 88
19 14 68
19 13 9
1 11 13
4 5 34
9 7 70
13 8 57
6 4 92
4 15 7
2 6 99
11 6 8
15 8 91
4 9 83
1 15 74
13 8 42
18 6 32
18 4 30
7 9 99
14 1 39
3 10 79
2 10 76
0 4 11
13 15 73
17 4 8
14 1 99
19 2 54
8 14 79
12 9 52
4 16 76
19 12 5
6 2 57
19 11 70
11 13 29
8 14 52
4 8 14
4 1 60
18 17 19
16 5 29
4 0 83
2 0 86
13 3 12
1 5 80
16 7 84
13 12 39
16 10 13
10 5 90
8 1 32
18 19 15
8 15 98
12 8 61
8 7 16
11 17 7
15 1 9
3 5 16
11 0 27
12 0 89
12 3 15
15 16 26
0 7 71
17 5 56
4 18 11
1 18 38
8 19 85
16 0 16
3 13 27
2 10 14
4 13 57
0 6 51
8 7 67
11 3 82
17 15 17
4 6 59
14 9 86
13 18 85
0 14 73
17 5 93
7 12 72
7 4 56
14 12 6
9 11 14
3 16 51
6 17 11
0 6 55
14 12 32
15 7 12
15 9 91
0 2 72
15 0 13
15 17 15
12 18 45
14 9 53
19 18 26
4 10 45
6 2 71
5 10 32
9 9 3
4 11 68
7 3 53
0 6 72
10 17 84
0 7 92
5 18 60
2 12 66
5 11 62
2 10 4
8 11 55
19 17 80
10 18 24
7 5 52
11 3 4
8 5 9
7 1 71
10 8 84
1 15 40
14 8 2
13 5 57
19 4 60
6 15 90
13 8 73
19 7 100
15 16 32
5 7 77
4 17 41
9 2 52
1 15 90
18 4 56
4 11 97
4 11 74
13 11 23
6 9 32
13 7 72
2 9 52
9 18 56
8 13 58
11 7 38
9 3 57
3 5 30
3 1 76
10 7 27
1 15 20
7 2 26
15 9 28
13 9 41
2 5 71
4 19 47
6 1 90
5 8 5
19 12 18
4 19 46
13 5 21
16 8 51
0 12 5
14 0 14
16 17 59
15 11 23
16 16 3
14 4 89
1 12 58
16 4 40
16 6 51
9 3 10
7 15 20
17 5 2
16 11 75
7 10 87
8 12 93
9 15 29
6 9 12
8 15 35
10 0 90
8 13 88
8 11 19
12 13 30
2 9 90
4 19 28
11 5 59
11 3 73
18 10 96
9 11 4
6 19 99
12 16 63
1 17 94
12 9 33
14 4 70
0 5 43
3 19 78
19 11 77
3 4 11
5 11 3
1 15 40
2 19 85
12 2 76
7 16 54
14 4 82
6 10 10
17 9 36
14 8 2
10 18 71
9 17 12
4 8 17
11 8 73
2 5 38
0 18 82
17 10 62
12 4 81
9 9 80
8 8 94
14 7 57
13 18 85
13 3 6
2 16 38
10 17 29
16 1 89
14 7 36
11 10 63
4 0 13
11 18 12
4 13 24
19 17 54
7 5 1
14 5 20
8 15 35
7 7 21
2 11 52
7 16 98
12 18 72
18 2 52
18 2 76
15 3 74
6 12 94
15 0 64
0 17 28
18 1 22
5 5 29
5 7 7
5 12 9
12 16 56
18 7 52
12 12 23
2 9 54
6 11 44
0 10 5
17 18 77
19 7 27
6 5 68
14 13 52
0 4 77
4 6 22
14 1 50
6 5 79
11 5 66
18 16 21
11 19 31
16 14 70
8 0 3
19 5 71
0 8 26
11 10 28
19 1 19
3 0 85
11 8 74
7 1 80
7 3 51
17 5 21
18 13 29
5 14 96
2 1 80
8 6 51
16 12 21
13 18 59
11 10 21
3 1 50
0 11 95
13 1 95
11 10 16
13 6 35
14 13 84
19 11 51
19 0 32
1 11 83
18 0 9
16 14 36
10 3 95
10 6 8
15 14 3
5 15 21
5 16 6
15 7 15
7 7 26
3 19 15
1 6 78
18 14 30
19 2 44
3 11 35
6 14 43
19 0 91
5 2 84
4 1 16
2 8 26
3 15 65
5 15 91
2 6 25
5 19 43
6 11 41
9 4 87
8 13 13
17 8 60
17 19 5
11 12 59
1 9 42
7 11 46
17 11 71
9 1 69
8 16 19
6 17 86
8 13 21
17 2 86
18 0 97
12 10 51
9 14 17
18 5 15
7 7 66
12 3 46
15 15 79
18 1 71
6 5 19
12 17 47
3 4 7
10 11 9
8 19 89
9 14 48
13 10 11
17 10 33
19 5 24
16 6 87
15 14 34
18 2 22
2 3 73
5 18 72
5 13 100
18 5 41
6 4 61
13 18 100
0 0 4
9 4 83
15 15 47
18 19 91
7 1 52
5 4 31
7 2 19
7 14 37
15 14 39
3 11 22
6 12 68
14 2 22
18 11 87
8 2 93
5 9 67
17 14 23
2 17 62
1 8 69
16 14 16
6 7 30
4 15 32
5 1 93
4 7 97
9 18 69
6 4 68
7 2 75
1 10 8
2 14 74
0 15 39
13 12 87
13 9 42
10 13 3
8 3 16
13 17 13
7 10 31
11 17 85
6 10 23
2 14 5
4 6 54
9 16 65
5 9 44
3 4 92
9 16 66
1 19 49
14 0 44
10 7 24
10 11 7
11 8 90
8 1 57
14 13 26
7 9 25
7 10 93
7 18 71
11 14 18
6 6 85
0 9 67
6 18 26
7 16 11
16 8 82
5 1 73
12 6 74
8 18 39
3 17 83
4 0 85
3 10 2
13 11 54
4 1 73
8 6 90
7 19 51
3 6 73
1 2 97
5 1 39
6 15 66
7 18 3
1 3 16
11 2 67
17 3 49
8 16 24
9 13 88
14 9 74
13 9 1
15 6 50
14 8 48
4 19 25
9 12 29
2 4 11
1 4 52
12 8 22
2 17 89
9 10 30
5 4 24
4 9 100
15 14 64
16 11 66
18 7 36
9 9 62
3 11 94
6 8 76
15 2 52
0 7 92
6 2 93
9 0 87
13 11 34
9 1 94
3 6 11
8 14 83
1 18 26
1 2 76
12 9 92
1 16 37
10 19 18
11 4 5
19 14 14
1 8 38
2 5 4
6 16 65
16 9 69
0 3 99
6 19 99
18 9 42
7 4 92
11 17 34
6 19 75
7 2 64
12 10 45
10 18 71
13 17 86
10 19 32
12 12 87
9 11 71
17 15 37
12 12 61
13 2 97
8 2 64
9 3 34
9 2 8
6 5 43
3 18 3
16 2 64
18 12 21
17 17 99
4 18 25
10 5 19
18 0 59
2 0 50
3 12 98
8 6 78
17 1 88
19 7 69
15 15 19
3 10 9
7 16 45
2 10 27
2 10 32
14 2 49
7 9 26
16 18 37
9 0 81
10 8 73
8 7 98
13 11 3
9 12 8
1 13 88
16 16 65
14 18 52
6 10 66
9 3 18
8 3 71
7 4 18
7 18 85
16 15 37
19 11 77
3 7 92
18 5 66
6 7 42
9 2 78
0 14 78
9 17 65
12 19 87
0 8 47
13 4 37
18 1 22
6 19 23
1 12 21
11 4 82
19 2 16
2 9 92
10 12 38
14 3 41
1 15 54
16 10 27
9 10 4
2 15 11
17 16 36
11 11 90
12 17 39
12 0 98
3 6 57
13 9 26
19 17 1
2 18 46
5 4 37
6 2 95
5 8 38
15 18 79
17 0 26
2 13 99
18 19 14
17 8 59
12 3 76
13 15 78
0 17 88
7 17 36
15 4 72
4 7 35
12 1 64
8 0 56
12 5 23
4 19 74
10 6 54
15 2 79
16 2 98
5 11 25
14 19 64
12 9 99
5 11 55
2 13 66
10 19 11
1 12 17
3 8 58
7 9 74
5 11 96
12 3 58
5 12 46
3 14 58
3 10 47
16 9 23
18 3 10
8 3 11
12 14 52
14 17 84
19 8 64
18 8 66
2 8 23
5 10 95
2 6 37
0 9 36
14 2 27
4 9 7
4 1 62
6 3 91
12 16 85
6 6 99
12 14 82
9 2 14
17 11 47
4 8 25
3 5 6
17 3 74
16 2 58
17 12 83
13 17 29
1 6 85
2 0 74
8 17 24
13 14 35
14 2 53
17 18 48
0 2 50
17 15 29
16 19 15
17 16 88
5 7 57
6 10 7
15 16 79
15 7 29
6 16 7
8 14 36
9 14 49
5 0 56
18 9 50
1 9 19
9 14 66
18 8 32
11 1 63
19 15 8
1 9 6
9 15 62
5 0 31
0 1 9
17 4 95
12 18 43
14 4 33
5 16 11
4 8 33
19 13 10
0 6 28
3 10 34
17 6 60
12 19 94
19 13 38
11 19 60
7 11 100
16 11 96
19 14 78
13 11 53
10 3 75
1 19 65
6 9 81
10 1 80
17 13 16
10 15 94
11 7 78
13 10 1
16 4 48
12 8 33
3 12 37
17 17 96
18 7 98
12 12 86
12 10 67
15 2 4
6 18 14
3 12 5
6 11 14
9 0 19
7 19 74
14 2 92
0 13 67
11 19 79
5 0 83
18 13 58
4 9 46
19 14 48
3 6 27
7 11 1
17 10 44
15 5 19
8 8 76
10 7 87
10 11 41
15 17 77
5 1 62
1 14 4
4 7 24
13 10 72
4 19 100
15 0 22
15 12 38
5 5 12
15 12 4
16 3 82
14 6 67
5 15 80
15 7 70
6 7 35
1 9 14
4 13 47
8 15 91
17 11 4
5 18 26
3 16 3
8 10 45
3 12 63
10 15 97
7 7 7
0 6 39
9 14 81
1 7 20
5 17 62
1 15 46
6 14 38
11 13 51
17 11 4
4 16 29
18 17 57
11 12 22
10 9 50
8 16 26
2 7 78
1 19 63
18 11 50
11 8 70
5 1 86
0 16 9
13 15 69
10 13 72
15 16 70
11 7 28
3 10 85
18 13 81
8 17 92
6 12 66
14 3 85
7 19 10
14 14 22
19 9 67
19 11 24
6 18 74
1 11 12
12 0 23
19 0 56
8 11 59
1 5 13
6 18 59
18 5 94
14 10 81
4 12 65
1 2 42
3 16 98
6 3 34
15 7 13
18 6 26
16 19 61
14 18 8
2 17 57
19 10 98
6 12 72
4 12 44
17 12 26
14 10 20
0 11 38
18 9 57
15 10 69
3 3 89
16 0 95
18 0 23
10 8 24
14 5 16
14 0 85
11 7 73
9 9 70
8 0 41
0 3 19
19 12 25
0 8 85
15 1 3
4 11 38
9 8 38
4 5 40
6 12 95
12 17 91
4 8 39
13 13 73
6 0 6
19 0 46
0 17 45
17 15 64
19 11 70
14 15 7
18 0 37
10 6 86
2 5 74
1 6 82
14 7 81
7 15 60
9 18 74
1 9 52
18 14 48
12 19 82
19 7 57
13 5 58
17 11 18
2 4 66
19 3 28
7 14 80
16 2 81
13 16 82
9 11 62
14 7 36
17 8 15
4 8 78
5 9 15
3 14 51
15 9 86
7 19 60
16 19 24
17 17 51
1 12 80
9 3 40
11 18 100
2 1 79
15 1 49
1 6 60
14 17 73
13 12 50
18 19 34
2 14 14
17 6 89
8 10 71
18 19 52
5 15 54
16 1 75
6 9 25
14 5 68
3 9 86
10 16 82
17 6 50
19 19 32
13 4 19
1 9 47
6 16 28
6 9 2
11 5 50
15 3 74
3 18 22
12 13 27
6 3 43
18 19 92
4 16 78
17 12 29
3 11 31
19 0 79
5 7 8
9 3 80
9 12 55
7 3 10
13 0 44
12 9 14
15 18 59
13 10 37
15 12 4
1 14 84
8 17 26
18 10 49
15 16 54
3 6 89
9 15 84
11 3 21
13 10 29
4 2 92
18 11 51
12 1 94
1 13 46
2 0 19
18 10 45
17 18 78
0 17 13
5 11 31
15 15 65
19 12 65
0 12 51
17 10 12
4 5 88
12 8 87
18 18 100
13 18 36
1 13 20
18 0 48
6 13 78
7 14 92
6 8 53
5 19 56
12 4 49
15 19 21
11 12 77
10 16 95
4 4 82
5 12 69
15 5 45
13 9 77
8 12 5
9 9 36
15 9 41
14 13 98
16 2 57
6 15 34
4 11 23
14 0 78
8 5 40
18 10 26
10 11 72
10 15 27
17 1 55
16 19 56
10 15 62
18 19 72
3 19 49
11 10 24
8 17 24
12 7 60
14 12 1
5 0 21
6 3 1
5 7 91
16 14 82
10 10 61
0 17 8
19 14 15
12 5 77
10 4 68
2 18 45
11 15 46
3 5 60
18 13 32
19 13 99
3 15 75
4 10 81
9 1 96
16 12 47
4 15 33
1 6 37
12 7 78
13 8 68
12 9 94
7 4 71
11 10 43
14 19 15
7 15 96
17 12 14
1 9 62
17 1 50
0 0 17
6 15 14
8 11 6
14 11 9
11 12 51
12 12 18
16 18 25
7 16 85
17 18 81
14 6 47
0 8 46
8 12 91
13 9 57
17 7 8
11 14 42
1 15 32
17 16 87
19 11 49
4 11 32
16 5 85
12 11 80
15 18 81
16 16 61
3 15 45
8 13 32
2 1 78
8 0 48
1 5 3
19 7 58
0 12 46
18 12 73
11 3 47
4 0 16
19 13 81
17 13 34
1 19 33
12 6 91
14 17 33
11 17 83
14 12 7
14 1 51
14 16 71
0 15 84
6 14 80
19 13 96
7 3 41
5 9 45
16 8 24
11 14 15
3 4 37
1 4 97
15 8 93
7 13 95
1 19 98
8 18 20
3 2 87
0 19 43
2 1 84
5 7 44
9 11 32
4 1 96
1 11 42
12 7 78
18 13 48
2 4 76
0 18 81
1 0 86
18 10 30
12 19 61
17 1 13
2 16 40
19 12 91
3 16 33
3 2 50
9 3 95
16 18 40
3 3 22
17 17 50
2 8 6
11 12 16
19 3 77
9 14 36
2 5 75
3 12 73
0 14 68
1 11 22
18 4 21
19 4 25
14 6 6
9 17 94
12 3 25
15 0 84
17 3 51
7 9 88
12 1 27
5 19 59
7 11 64
8 8 58
16 1 16
1 11 44
2 11 4
6 5 48
14 11 89
16 1 78
5 2 24
4 1 85
15 0 66
4 15 13
0 8 47
19 9 56
13 18 93
15 13 60
19 10 4
1 5 10
15 5 40
19 15 51
12 5 90
6 9 93
7 6 10
1 17 11
15 18 65
12 12 81
10 11 99
19 15 25
3 0 56
6 9 49
9 12 85
16 7 38
2 11 97
14 2 48
15 11 36
12 4 31
18 1 27
4 10 65
9 10 50
11 17 78
14 14 64
1 4 32
8 5 12
3 3 54
16 0 62
2 5 55
15 3 36
14 6 59
15 3 68
16 5 90
17 14 47
4 5 61
3 4 74
14 4 4
5 12 57
2 13 80
14 8 2
3 7 88
6 1 19
10 17 40
7 9 5
2 2 68
7 18 45
0 1 67
19 15 11
17 5 77
1 14 11
16 9 78
18 0 25
15 14 60
2 14 88
17 16 25
12 6 13
6 11 65
9 19 69
7 7 85
4 2 82
8 8 41
11 18 26
7 15 22
0 18 60
0 6 68
5 18 15
7 6 15
16 9 43
13 1 22
3 18 35
17 17 56
9 17 100
14 8 19
3 2 39
2 19 69
4 13 13
18 17 32
18 15 34
8 19 34
18 5 49
5 0 85
5 15 98
12 6 35
6 14 99
2 15 53
13 14 56
0 4 35
19 18 51
7 2 20
0 5 22
17 17 98
19 6 25
13 11 31
9 7 50
18 11 54
5 9 17
4 4 73
7 16 73
15 13 89
12 11 11
9 2 87
18 17 24
17 8 84
17 10 20
11 4 7
7 13 20
4 18 76
3 1 21
3 18 91
14 14 4
10 2 77
10 7 8
0 13 22
2 18 37
15 17 46
16 1 32
5 11 26
11 4 24
12 12 48
3 2 100
2 8 69
9 11 49
12 11 55
2 3 91
6 12 44
18 17 46
9 16 53
13 6 28
3 6 66
4 12 17
2 19 11
1 15 19
7 5 59
16 13 79
3 4 15
5 4 8
4 19 17
14 10 18
15 16 84
18 18 43
11 12 88
2 3 49
6 10 19
15 7 53
1 16 28
9 7 3
2 12 85
17 18 93
3 7 33
0 9 82
5 6 39
17 11 6
13 3 68
7 2 34
6 4 90
19 1 80
2 0 67
10 15 55
0 12 44
3 10 77
10 9 91
6 2 30
1 0 8
4 18 14
1 12 72
11 12 98
11 1 24
1 7 54
17 9 56
0 19 67
12 12 98
15 14 19
13 14 62
16 8 80
8 19 8
1 14 53
8 9 46
6 8 63
16 19 12
6 10 54
12 9 7
13 5 51
8 7 37
2 14 81
16 15 24
9 16 40
14 18 81
15 1 15
0 13 91
11 17 45
0 12 47
19 10 58
15 16 51
1 8 32
15 7 38
17 0 66
12 12 5
5 0 48
3 3 72
10 19 49
8 12 22
10 8 13
5 7 39
3 12 74
12 9 24
11 16 23
10 6 59
4 16 64
13 10 8
8 18 30
12 5 37
9 11 15
6 15 3
12 3 60
9 6 53
10 9 66
6 8 38
3 7 13
16 13 19
13 9 11
14 18 33
13 5 35
3 3 52
12 3 7
9 9 50
8 18 51
1 5 17
9 2 21
16 1 25
19 0 41
17 9 21
13 12 56
11 11 14
18 13 4
8 14 78
16 8 64
11 8 88
1 2 49
3 6 90
10 19 24
19 5 78
18 13 22
17 9 10
10 3 25
12 6 59
14 2 99
3 9 25
5 3 8
17 0 27
15 11 71
9 9 99
19 8 21
11 13 49
11 9 78
0 12 16
11 9 66
4 17 97
15 10 20
1 8 43
19 15 97
15 10 78
11 14 92
8 11 38
18 0 70
5 5 71
5 13 27
13 2 99
17 1 29
14 13 20
19 4 51
12 15 56
14 13 42
5 8 54
5 3 89
1 16 20
15 18 76
2 11 6
3 19 18
1 7 91
1 12 8
9 11 37
15 7 5
8 5 90
19 0 2
12 9 93
13 2 14
8 8 35
2 6 80
14 14 8
10 9 38
16 13 76
7 0 28
5 5 52
4 8 97
12 10 4
17 14 83
15 13 30
13 3 58
2 15 94
3 5 46
13 3 26
17 7 39
6 5 92
12 6 41
17 12 93
6 5 71
2 6 97
11 13 26
0 4 5
9 18 86
4 4 22
1 5 42
1 12 35
3 14 25
7 6 12
0 16 10
10 10 81
11 9 100
11 5 17
16 7 81
14 1 4
6 4 58
12 3 76
8 0 61
15 16 52
12 16 8
2 4 16
6 13 39
11 8 85
7 2 91
6 1 97
11 5 100
2 12 50
6 6 5
13 7 3
15 13 70
13 17 71
4 12 92
12 14 45
18 6 9
11 6 62
13 3 51
12 16 92
15 4 79
6 15 33
0 17 17
13 14 56
0 8 67
5 4 34
5 16 34
9 14 39
5 18 82
2 9 64
2 0 15
13 1 43
11 8 13
9 19 86
17 11 25
10 19 18
6 18 70
1 9 77
13 16 15
8 2 9
7 2 2
7 7 44
0 18 37
19 9 27
17 14 23
19 14 31
18 19 83
13 16 43
17 13 29
6 0 55
16 18 19
6 7 71
5 3 6
16 18 61
16 1 8
2 3 53
19 3 41
17 0 48
18 1 20
12 7 27
13 6 27
14 18 32
15 0 90
14 17 89
11 0 64
8 14 46
9 12 31
0 1 35
7 18 19
1 13 28
16 11 36
10 0 94
9 8 63
0 8 14
12 17 80
15 10 32
4 6 10
9 12 80
17 12 47
8 18 55
2 11 95
5 16 61
12 18 79
18 5 59
17 2 18
11 2 92
12 18 61
18 3 62
18 9 70
10 3 7
1 10 38
1 11 85
18 2 55
4 0 100
0 2 2
3 11 90
9 8 38
10 13 29
18 8 43
4 8 29
16 16 53
11 12 97
14 5 51
12 15 85
6 18 29
0 4 48
13 10 87
14 13 21
15 13 18
16 7 59
18 11 97
4 10 20
1 12 52
10 10 62
4 6 3
7 16 96
6 16 66
0 15 15
15 12 49
10 7 87
19 6 32
0 6 66
3 19 33
16 3 26
2 15 18
1 16 73
5 4 90
18 10 97
5 7 81
8 12 13
10 9 97
15 15 47
12 17 27
11 3 56
11 0 90
15 12 65
13 4 8
18 18 41
6 13 30
4 11 96
13 5 97
14 0 55
11 0 61
0 7 72
3 7 35
15 9 92
17 7 46
9 7 52
8 11 1
13 7 73
1 15 80
15 7 44
18 16 79
18 14 67
0 10 59
14 0 55
9 18 73
13 10 96
9 16 86
5 5 33
17 15 89
14 12 34
14 18 40
1 11 63
5 3 49
2 4 55
18 15 50
1 12 66
5 3 72
10 7 42
5 17 20
9 6 45
1 10 12
16 16 46
15 5 56
10 13 60
3 9 13
12 12 24
2 10 4
8 1 17
0 19 49
5 9 60
4 7 80
18 8 24
9 7 71
18 7 86
10 11 25
1 10 32
1 14 50
9 19 26
13 6 70
5 9 14
7 10 64
19 18 37
10 3 31
1 14 22
5 2 10
19 2 51
15 5 48
8 7 99
9 11 60
15 0 64
5 16 87
17 11 17
14 19 21
3 8 43
19 18 88
15 13 56
1 6 12
7 10 94
5 1 48
12 5 11
18 6 71
17 7 64
13 18 7
16 12 23
5 19 28
13 7 80
14 4 21
5 14 59
16 7 72
19 4 43
15 7 97
10 10 78
7 3 55
16 3 68
10 13 49
18 9 89
11 15 31
18 7 8
11 5 57
4 5 29
3 2 91
8 14 12
13 16 36
10 0 84
15 12 57
8 13 81
0 18 20
13 18 43
1 16 52
9 13 80
6 10 8
1 12 62
3 18 4
8 19 10
9 6 69
8 12 20
0 1 69
19 18 65
7 16 54
16 14 6
12 2 99
0 7 100
16 2 46
0 12 19
9 17 83
0 14 98
3 18 100
3 15 10
8 4 16
16 11 5
16 18 89
2 10 58
15 13 48
3 7 28
13 13 75
0 19 41
11 12 3
10 11 28
10 10 34
3 15 75
0 0 94
8 11 29
16 13 33
3 9 93
15 13 9
18 0 100
4 11 63
12 19 77
9 12 9
12 1 87
11 11 25
6 0 69
16 3 29
5 2 80
14 13 43
13 3 26
6 9 44
1 2 65
4 6 86
12 17 87
8 19 77
13 2 4
12 8 7
4 8 23
10 17 83
14 19 73
6 2 51
18 17 21
14 5 95
13 6 57
3 8 46
16 16 71
6 0 67
5 1 23
18 11 53
2 18 50
9 4 94
16 7 50
3 7 7
17 11 96
1 9 87
4 11 44
7 16 37
8 13 32
14 7 92
17 7 37
16 8 6
2 12 99
12 0 37
2 19 64
7 14 57
11 18 97
14 9 50
8 6 94
0 16 4
8 6 92
7 4 93
8 0 46
19 9 19
3 19 75
3 6 87
12 3 100
19 18 67
5 3 23
9 12 2
19 19 30
18 9 23
0 13 98
17 14 11
13 9 42
13 8 74
3 17 17
1 14 78
8 5 42
8 9 63
7 15 68
2 0 45
16 7 79
18 2 94
8 15 75
10 2 96
19 11 82
12 12 88
18 15 58
14 8 11
16 0 31
13 19 68
14 12 61
10 15 61
3 0 87
16 19 53
16 14 69
13 9 15
17 10 36
2 8 69
16 15 29
6 3 9
3 11 82
3 10 63
17 2 52
14 0 15
6 16 80
16 1 21
10 15 39
12 1 36
4 13 51
1 9 38
2 0 28
17 3 19
7 15 99
7 4 63
17 0 95
3 6 83
0 2 2
19 5 32
17 5 87
4 5 72
3 11 63
17 3 10
17 3 10
4 0 6
13 13 72
19 17 34
3 0 98
0 2 93
18 1 90
3 15 17
15 15 8
15 14 62
5 15 49
12 15 23
2 9 49
15 16 24
14 5 11
8 7 78
11 13 13
8 8 92
18 19 38
12 12 48
11 3 26
9 14 10
19 2 88
12 14 42
17 12 87
13 4 17
16 2 99
4 7 10
9 16 10
17 3 21
12 13 8
1 9 92
5 11 55
9 3 43
16 18 39
17 8 34
17 10 91
10 14 87
7 18 97
7 15 34
2 8 78
14 18 39
4 2 21
14 8 87
19 2 25
2 13 69
19 13 29
5 5 58
18 18 70
1 6 50
2 12 23
8 5 30
19 18 100
8 15 31
8 13 91
17 0 99
1 16 1
14 5 29
1 0 68
14 10 41
14 2 25
6 14 85
1 11 5
14 15 6
17 3 22
5 12 54
4 10 13
13 0 60
4 9 6
15 6 41
6 11 22
10 13 42
1 9 41
14 9 15
12 19 87
12 6 80
18 16 33
8 10 43
12 19 35
10 9 81
1 9 31
1 5 45
10 1 17
8 8 98
6 10 2
9 3 66
13 4 91
2 11 7
0 10 5
19 15 35
3 17 5
3 1 29
1 18 20
0 18 77
14 17 95
6 6 10
8 19 97
2 1 19
15 11 23
17 12 29
10 15 67
14 2 53
12 3 46
19 4 90
14 19 100
16 7 27
8 12 10
18 16 54
7 3 2
18 10 31
13 16 25
16 12 92
9 15 23
6 9 41
4 19 49
19 4 35
10 10 43
7 3 90
6 10 18
2 18 47
16 7 24
17 17 84
6 9 89
7 13 20
18 16 61
18 2 60
13 17 93
13 9 57
9 6 46
13 7 24
7 6 62
0 5 93
2 16 23
12 8 57
8 7 40
6 13 31
19 16 60
10 14 27
1 0 68
6 2 36
6 5 4
17 11 42
12 7 31
8 12 19
7 3 86
2 7 80
15 15 98
10 11 94
13 7 84
8 19 42
0 0 58
10 17 9
13 0 51
19 5 8
14 10 53
6 2 46
10 1 4
13 18 41
6 10 38
14 6 27
7 4 62
11 10 16
11 8 59
4 3 97
8 16 47
4 11 21
3 15 98
15 10 24
8 12 58
6 17 27
6 14 81
8 12 76
15 17 29
6 4 87
1 19 94
15 18 38
15 16 99
9 12 69
15 15 81
16 12 31
8 8 29
4 14 23
4 10 77
16 0 37
15 6 8
4 13 32
8 17 84
13 10 27
18 6 38
2 14 66
1 4 76
16 17 60
2 19 41
10 5 14
0 8 26
2 3 4
4 6 76
0 4 64
15 10 24
7 2 70
13 15 48
11 10 41
5 6 8
13 3 81
14 1 93
12 9 76
12 19 26
19 15 14
16 9 100
10 18 49
3 1 72
19 9 32
15 16 26
5 8 57
13 15 65
14 9 96
19 5 93
12 12 98
8 13 87
14 7 36
18 14 88
4 7 63
16 13 18
14 14 5
13 1 91
12 11 39
12 17 18
18 14 29
6 14 98
6 5 72
9 1 14
16 15 83
6 2 25
