17 5 18
10 11 27
4 13 16
12 19 93
5 5 91
12 9 76
14 9 30
10 18 97
17 12 58
9 5 97
10 11 23
9 7 98
7 8 33
12 7 78
10 15 2
16 12 9
4 6 87
2 15 41
7 3 66
10 18 39
0 11 47
6 8 55
18 19 96
16 11 62
11 15 92
17 5 87
2 17 69
15 3 71
10 7 2
9 10 55
9 1 41
18 11 94
8 15 40
5 8 80
15 0 43
3 19 51
11 6 22
4 15 16
7 19 2
11 1 12
11 2 6
13 14 2
11 10 28
19 15 41
18 1 5
17 9 29
19 18 17
10 17 68
7 2 35
15 7 19
10 14 46
6 0 23
15 12 75
6 14 35
9 16 25
9 11 77
2 18 12
1 9 67
14 19 37
19 3 40
19 17 63
18 19 95
6 15 41
19 7 28
16 2 73
4 3 78
8 11 21
3 4 86
10 12 63
6 19 49
16 15 8
17 6 72
17 7 4
2 3 56
7 10 11
4 8 76
8 11 79
13 9 46
16 6 68
5 4 17
14 11 15
5 11 2
16 1 86
18 12 31
12 3 14
12 15 92
1 1 58
1 10 14
9 16 59
12 19 83
19 13 48
10 3 50
12 4 11
18 17 99
8 7 25
11 19 29
15 0 84
5 19 56
18 16 88
5 13 85
5 15 16
13 3 100
8 16 86
15 14 31
0 12 27
17 1 23
14 0 33
18 17 40
15 6 70
3 3 48
11 11 52
15 11 82
7 5 14
15 11 1
12 13 90
8 16 2
8 16 19
12 19 100
5 7 30
9 17 20
12 18 82
7 2 81
2 3 22
13 15 6
10 16 13
14 17 27
14 0 45
17 18 5
16 19 68
3 2 13
2 12 4
19 17 84
5 14 42
15 11 29
16 10 72
18 7 94
15 14 96
19 12 65
8 11 58
2 0 83
7 14 34
1 14 67
7 8 87
18 19 74
6 5 39
3 0 22
18 8 50
3 14 72
12 12 21
10 5 37
18 14 80
9 0 24
15 14 74
11 14 3
18 13 8
9 5 22
17 9 10
13 13 91
5 18 23
16 11 67
4 7 42
2 6 69
2 11 39
19 4 7
3 9 32
17 10 20
19 15 99
3 7 69
7 15 1
14 2 28
17 8 2
13 14 40
12 8 30
4 14 15
16 9 32
8 11 97
12 9 45
11 3 46
5 9 76
8 12 43
2 6 65
14 17 67
14 14 64
3 16 14
2 1 75
19 0 59
1 0 23
6 16 49
11 11 68
14 11 40
2 2 97
8 11 53
10 18 37
7 16 54
19 6 23
9 10 89
16 7 13
16 0 42
8 8 89
10 13 80
18 8 26
9 18 80
1 13 8
5 12 80
17 9 57
7 5 23
11 0 52
3 13 31
7 9 61
19 15 10
19 9 19
8 19 57
14 8 69
12 7 27
11 12 5
16 12 21
5 7 96
11 5 2
16 7 55
5 10 43
5 8 1
12 1 82
8 9 42
15 5 29
9 6 46
12 2 67
14 11 97
8 0 49
11 13 15
9 10 46
13 5 36
16 13 57
7 1 34
8 16 71
1 19 62
6 5 46
3 15 24
12 4 94
16 3 78
4 9 29
16 18 3
17 4 99
10 8 76
14 17 55
18 6 7
18 9 17
15 2 90
7 1 65
8 4 73
15 19 95
1 8 47
9 5 57
4 10 46
11 15 5
7 1 53
13 14 40
17 3 1
19 3 9
6 3 32
18 13 87
16 17 49
0 17 67
15 5 90
8 14 11
3 8 73
9 6 26
16 4 88
1 6 80
2 19 30
14 0 44
18 2 37
5 16 69
11 13 56
6 5 70
14 15 42
16 12 100
2 19 54
18 7 64
19 9 81
12 10 94
16 6 84
3 7 21
12 6 44
8 7 69
17 14 74
17 16 35
5 4 100
11 2 10
11 16 13
9 10 26
15 6 54
11 7 57
15 8 48
2 8 28
11 8 88
6 15 70
3 7 20
10 8 34
19 13 68
12 2 13
10 5 68
7 0 21
17 5 1
19 11 15
14 14 52
10 2 1
11 6 56
14 11 34
12 3 20
10 9 23
5 17 91
19 19 44
5 7 38
9 11 29
8 16 62
12 16 30
17 13 40
4 14 49
7 9 32
5 12 43
17 17 78
0 18 13
3 19 77
14 13 92
2 11 74
5 10 23
18 0 37
19 3 60
8 19 79
9 12 34
1 5 69
6 19 76
11 8 72
12 18 68
12 4 35
12 13 3
16 19 73
8 17 19
5 19 88
16 18 7
6 2 10
16 8 67
0 1 57
19 16 95
9 5 20
10 6 78
3 11 48
14 11 51
17 14 64
19 7 50
12 12 16
12 9 96
11 14 36
2 10 74
19 5 69
8 11 72
10 4 24
9 18 2
18 5 18
14 16 34
0 5 95
1 1 4
2 7 12
6 4 39
6 0 6
18 17 34
11 16 89
8 5 7
15 6 28
15 7 17
5 13 82
11 0 50
14 8 96
15 11 61
14 5 88
13 5 62
13 0 97
10 12 61
13 4 98
15 13 64
18 4 68
11 15 13
13 11 16
9 19 75
17 9 79
18 0 81
19 0 46
18 10 27
9 5 64
1 16 62
8 15 17
8 6 61
1 16 44
19 1 34
10 1 4
18 8 39
16 5 26
16 19 98
0 1 57
19 19 20
2 17 18
6 12 30
3 3 41
11 10 86
13 1 12
16 3 81
1 4 25
3 4 83
13 12 79
10 16 77
3 4 28
0 19 84
13 6 37
16 7 10
9 19 90
1 8 15
13 16 15
16 15 80
19 2 30
18 19 90
10 0 14
9 8 94
8 12 73
1 4 87
5 1 29
3 18 47
10 10 22
16 14 3
6 4 54
1 2 19
3 19 79
4 19 60
16 9 38
3 9 22
11 10 35
3 1 68
13 13 20
8 2 12
14 14 16
5 10 54
17 10 2
14 15 71
5 6 92
13 3 90
18 7 37
16 10 4
11 1 99
9 5 54
8 4 94
14 7 38
18 2 4
0 16 17
4 13 13
17 2 82
8 1 23
5 2 82
16 7 38
7 6 90
6 17 20
17 14 4
4 8 24
0 14 23
14 14 6
3 18 19
12 8 98
0 16 58
6 6 99
0 16 29
19 19 14
9 10 50
4 0 99
6 10 71
4 18 67
7 6 30
8 14 99
18 18 97
5 17 24
10 19 21
10 15 90
6 1 82
15 1 61
19 1 59
16 16 48
16 5 52
0 14 45
12 3 81
19 8 3
14 19 18
1 5 60
17 12 20
6 11 41
1 2 4
18 6 74
16 16 36
11 5 24
0 9 83
14 10 76
19 14 67
0 9 90
3 16 67
2 1 16
5 1 69
10 7 50
11 15 88
7 10 3
18 13 25
14 1 97
16 16 24
7 15 84
18 6 46
2 19 14
18 3 38
1 14 57
18 10 65
0 8 33
17 7 5
7 13 77
13 19 69
9 4 69
17 11 25
17 5 42
5 4 6
17 10 52
5 8 42
10 9 29
13 18 24
1 15 48
10 13 10
18 2 1
3 17 41
1 11 1
13 12 70
9 13 17
2 12 40
2 6 78
9 11 33
1 8 56
11 2 26
17 3 50
15 8 29
15 4 84
17 12 87
10 0 2
9 8 24
18 12 48
8 16 97
12 13 40
19 12 74
19 16 54
11 7 26
15 5 10
17 16 23
2 15 50
10 13 78
2 1 19
7 11 93
6 6 56
18 19 35
3 12 100
5 1 2
1 18 58
6 17 52
18 7 65
3 2 74
15 0 56
9 3 70
13 6 41
16 3 37
9 0 58
6 1 70
4 6 71
17 3 79
9 8 11
1 5 17
18 1 99
6 19 16
11 12 58
16 15 37
11 5 18
16 17 18
9 17 25
19 3 92
2 11 36
5 11 81
5 3 35
14 5 44
14 18 24
10 14 70
19 12 74
0 16 44
19 18 54
11 11 69
10 0 15
19 1 32
15 4 3
7 0 56
12 5 40
2 3 87
16 8 21
10 4 89
6 13 86
13 6 91
6 10 5
19 3 68
8 6 40
7 6 3
17 10 70
9 7 84
15 12 6
9 1 54
1 6 22
19 0 54
0 2 9
8 3 35
4 17 87
7 15 22
14 17 78
3 10 17
5 7 57
18 15 69
18 4 18
2 8 91
7 6 76
6 11 40
0 9 15
12 12 10
4 15 78
15 18 24
17 3 42
15 15 12
2 7 68
16 9 17
2 17 23
5 8 96
9 6 14
19 9 88
4 11 37
19 3 80
18 5 83
3 5 46
14 9 83
6 2 48
10 1 60
17 7 63
7 12 13
10 4 41
1 10 37
12 17 38
11 19 87
17 4 99
2 2 62
19 2 99
8 3 96
1 9 49
0 17 37
4 4 13
3 15 10
17 3 19
8 18 36
13 6 85
10 7 85
12 17 95
14 7 45
5 17 81
4 10 54
19 2 92
13 3 63
8 12 39
5 4 67
12 12 17
19 1 61
16 8 21
1 5 74
0 5 20
16 18 23
4 1 23
12 11 79
19 6 36
18 10 51
16 10 82
0 16 17
19 11 48
14 3 65
11 15 97
1 5 63
7 19 37
9 1 88
0 15 29
3 8 15
10 1 16
4 6 2
16 4 63
6 17 8
10 19 63
19 3 73
10 15 8
1 1 57
4 19 24
8 16 97
10 17 98
2 0 65
15 5 94
4 11 3
11 19 20
4 5 95
1 16 27
15 6 96
19 9 96
15 13 18
8 7 94
13 7 16
8 7 72
14 15 39
12 16 80
10 9 41
17 11 76
4 5 64
11 5 100
19 19 55
7 12 92
7 11 57
8 15 83
7 8 78
18 19 57
0 0 10
16 4 86
17 10 20
10 17 75
15 10 32
0 3 70
10 0 27
7 15 66
14 9 4
3 7 43
16 7 59
0 12 2
19 7 92
16 13 90
5 17 38
6 9 55
8 1 72
13 0 42
14 8 81
14 4 56
0 16 55
10 11 55
16 13 53
6 17 96
1 16 13
8 10 10
1 16 43
2 9 45
9 5 9
0 1 12
12 0 43
11 15 58
17 10 61
2 5 30
11 6 27
19 13 66
9 7 23
2 14 47
1 0 67
12 17 8
9 9 29
18 9 95
12 16 55
12 3 28
8 7 76
7 6 49
6 1 62
2 8 48
16 1 69
9 2 29
15 9 40
9 11 14
3 18 50
11 11 7
8 17 65
17 8 83
2 1 29
2 3 87
7 15 24
10 14 43
19 7 10
15 14 59
17 10 6
14 2 57
17 1 29
15 14 6
16 5 33
12 6 98
10 14 61
3 12 93
10 18 21
19 9 70
19 1 87
9 11 57
16 13 87
6 1 17
9 19 18
4 5 9
2 2 39
3 8 62
3 10 86
18 17 33
4 15 37
2 9 3
6 3 51
3 19 55
9 1 41
8 9 88
15 2 64
10 5 91
3 14 5
7 14 34
17 6 3
16 3 15
11 12 80
17 8 18
3 13 10
9 16 46
2 11 76
0 12 25
6 0 70
10 2 72
13 3 61
8 18 94
19 6 71
12 6 65
17 7 45
19 17 4
10 8 70
6 8 93
5 6 1
15 10 86
4 13 77
19 13 36
15 19 58
4 5 46
19 7 55
12 15 31
8 3 82
4 13 71
5 0 65
10 12 91
8 1 86
2 9 10
2 8 85
3 12 46
15 5 6
6 4 64
18 7 48
4 0 71
4 9 53
12 8 98
13 19 31
16 3 82
19 10 45
14 10 11
15 2 91
13 4 72
6 1 43
17 5 56
6 7 99
18 12 100
15 3 20
15 7 82
11 9 8
12 8 65
19 14 97
11 17 33
12 11 41
11 8 34
4 8 5
4 0 13
12 19 79
1 18 3
17 17 34
4 14 44
2 6 25
18 15 52
15 11 97
1 3 82
8 6 37
19 4 52
2 7 84
4 0 42
6 1 92
0 12 91
2 8 83
2 1 7
7 1 98
10 11 63
3 7 89
5 19 33
12 1 26
3 19 38
12 18 47
19 16 56
2 2 99
4 6 63
10 9 83
15 12 74
18 15 30
4 1 33
3 1 15
9 0 71
12 8 48
5 1 28
7 19 41
1 8 81
19 5 35
1 8 77
4 14 83
0 2 1
5 12 10
1 19 79
9 17 69
4 9 51
15 19 35
11 0 12
10 13 71
16 5 1
14 16 57
18 19 88
14 15 39
13 13 24
19 1 21
3 17 56
14 12 90
16 8 87
15 8 50
2 4 97
4 0 67
2 18 83
11 16 17
13 14 98
7 19 16
19 10 48
13 15 88
6 13 24
15 3 36
17 10 26
14 18 61
16 14 36
16 0 23
11 4 21
18 15 97
12 0 51
16 1 62
16 0 1
13 5 49
1 3 96
11 0 85
9 9 13
11 5 75
0 4 11
13 3 82
11 7 68
12 7 47
2 3 86
6 16 87
17 17 51
6 15 35
18 5 63
1 16 48
10 16 47
1 10 64
10 4 12
0 0 91
10 7 40
14 16 13
5 19 23
13 12 42
1 18 37
16 0 28
18 0 17
3 15 5
9 15 39
0 17 89
17 4 33
14 19 100
1 8 33
10 8 15
0 0 87
2 16 8
0 0 47
0 9 90
1 2 99
3 13 35
15 11 75
2 12 43
7 18 73
2 9 63
15 16 99
3 7 52
5 19 87
13 13 59
4 9 88
12 0 76
9 13 48
0 2 61
11 11 59
6 17 13
4 11 36
8 13 3
2 5 42
6 10 34
2 19 87
6 18 65
4 14 35
15 10 32
4 5 64
4 17 33
8 18 60
0 16 26
1 10 49
13 15 10
8 13 82
9 5 57
13 15 35
8 6 26
13 18 67
8 14 67
12 17 91
17 9 51
3 8 16
7 11 38
1 17 67
6 8 34
5 14 13
6 19 36
1 0 27
15 8 64
16 6 97
10 12 64
14 15 29
19 15 34
5 1 61
5 11 25
12 12 25
2 12 17
10 6 9
4 0 7
4 5 49
4 16 35
2 19 63
13 10 9
3 2 44
6 18 28
2 16 88
10 1 33
11 1 5
10 10 26
14 10 59
0 1 80
19 12 60
14 9 84
10 0 4
2 10 98
18 2 86
14 10 70
18 15 74
11 18 57
18 1 75
11 0 19
6 6 73
0 13 37
11 13 75
2 9 61
0 12 33
2 6 16
11 1 21
10 4 28
1 12 71
19 11 99
9 14 33
18 10 22
8 0 9
18 14 18
3 3 79
17 14 9
2 2 81
8 2 12
9 16 59
16 17 55
6 10 25
9 12 81
12 10 36
4 18 58
13 2 21
16 10 4
12 7 35
0 3 16
9 8 29
8 12 65
19 16 24
11 12 44
13 16 52
7 1 20
2 12 49
15 5 70
1 12 94
16 14 40
1 5 41
15 14 39
4 16 95
17 9 20
2 12 100
9 18 85
6 4 83
16 17 42
6 7 73
13 12 14
1 14 95
7 12 50
12 7 60
13 2 42
13 7 25
12 3 38
17 7 36
3 7 37
3 8 78
7 4 79
17 1 83
13 12 13
13 9 14
4 10 77
2 1 78
7 15 82
15 7 58
8 17 78
9 2 34
19 8 45
6 16 52
2 17 92
10 14 48
11 4 20
6 8 76
11 16 49
12 2 100
13 5 50
19 16 12
2 1 13
15 7 27
0 16 8
17 5 71
6 11 74
6 15 72
17 2 80
10 14 11
11 6 76
8 14 8
3 6 31
1 2 57
9 11 28
4 1 24
8 14 48
9 0 42
0 13 34
10 9 30
16 10 31
18 9 97
12 0 15
0 2 97
13 8 73
13 17 75
7 9 99
15 3 58
19 14 13
16 16 76
16 1 76
17 2 73
7 13 54
18 9 46
3 10 51
12 13 59
3 18 99
4 10 48
8 5 35
10 9 49
3 9 93
4 19 73
5 12 35
0 1 20
18 18 12
10 13 83
17 10 52
17 17 33
3 6 46
1 5 56
4 17 67
13 2 33
10 6 57
7 17 74
19 9 68
4 8 54
11 18 52
10 4 88
5 17 87
16 0 57
1 14 31
6 15 52
5 13 32
7 7 41
8 14 73
2 18 63
17 8 44
16 14 55
9 0 61
6 0 10
12 11 87
9 14 94
18 13 56
9 16 15
11 3 99
8 10 80
17 19 17
3 3 1
6 2 58
5 18 79
12 3 67
0 15 89
15 0 9
19 9 89
7 15 92
17 10 8
8 7 35
9 16 67
19 3 92
9 9 18
5 11 24
15 15 3
12 18 73
8 19 2
1 3 66
9 2 86
3 0 75
9 13 30
6 14 59
2 7 65
0 2 43
12 3 67
2 2 58
2 5 56
9 7 57
0 9 7
8 11 8
15 10 70
0 2 79
16 0 2
12 10 53
1 0 64
4 11 45
2 9 11
5 1 66
4 12 56
4 14 84
17 6 36
7 19 62
8 4 14
12 9 78
8 7 11
10 13 2
14 10 89
13 5 18
15 18 11
6 2 7
19 2 56
8 12 72
15 2 75
19 15 90
7 19 16
1 9 43
5 14 24
19 10 26
7 10 47
16 12 57
0 14 57
6 2 33
7 5 60
16 9 36
19 12 32
12 9 56
5 15 54
10 1 24
8 15 49
10 7 19
6 18 70
19 9 12
16 6 83
18 8 92
8 12 100
7 16 91
15 7 99
12 18 2
15 9 27
19 12 30
15 13 63
6 11 40
5 19 29
18 9 36
13 2 34
14 4 65
1 16 48
4 4 69
11 12 32
13 11 61
4 11 71
15 8 20
5 11 7
10 19 74
17 4 64
18 11 54
6 14 15
5 8 17
9 7 81
9 10 36
18 0 50
0 7 84
15 7 17
0 9 71
12 7 83
7 0 26
12 14 64
19 5 58
12 4 21
2 7 22
7 10 56
10 8 15
6 11 59
12 0 43
13 1 8
7 4 86
16 9 59
14 13 68
7 11 48
17 15 70
2 6 100
19 16 9
9 16 9
9 14 32
6 9 61
8 16 24
4 7 70
4 15 88
10 10 43
8 18 45
5 14 11
15 2 83
1 2 84
16 16 24
0 7 27
12 12 41
11 8 60
6 7 89
9 19 97
4 15 26
18 2 27
5 14 77
18 1 3
7 2 3
4 19 81
2 8 69
6 4 61
18 2 20
6 12 93
2 12 16
8 18 33
9 12 21
0 3 15
12 19 60
5 5 80
12 10 40
1 13 37
19 11 16
2 15 56
19 8 100
13 4 42
10 18 82
16 18 96
12 12 26
13 18 36
16 19 26
3 7 84
0 16 36
15 19 92
11 18 31
16 2 77
17 9 81
1 17 61
1 3 75
1 9 30
4 15 35
2 1 37
1 9 17
0 9 20
6 12 74
19 1 68
18 11 100
9 12 17
16 1 44
6 13 83
11 6 30
7 2 49
14 18 7
5 9 61
5 16 15
11 8 96
16 15 52
17 5 91
10 11 86
12 2 57
9 9 57
13 4 13
17 9 35
9 2 7
5 1 83
0 13 26
0 3 9
9 14 71
8 7 47
15 12 91
16 12 90
3 5 7
19 18 3
10 0 80
1 2 77
16 5 79
17 2 13
7 8 38
17 6 16
12 11 7
16 11 82
12 12 23
0 16 68
1 12 95
18 3 5
13 14 78
15 19 41
9 0 40
8 14 50
10 13 35
15 3 55
12 17 39
11 3 41
13 6 59
3 2 57
17 1 74
10 9 60
12 14 32
7 8 16
12 1 46
11 11 79
18 8 78
12 0 83
10 0 51
0 15 7
9 4 96
7 0 86
17 17 20
16 16 58
6 16 5
18 13 81
6 8 65
9 10 80
16 14 8
10 18 73
4 19 22
5 16 62
2 10 69
1 9 23
13 11 21
0 13 40
0 15 1
2 0 17
17 4 32
10 5 45
13 13 32
14 17 71
10 9 58
9 14 17
2 17 1
5 4 62
0 8 5
0 9 2
19 13 24
16 0 9
2 10 35
12 4 52
14 15 17
11 9 71
6 19 20
8 14 79
17 19 50
7 19 37
15 9 66
2 0 92
10 19 46
7 1 73
19 8 25
4 12 49
13 4 82
18 4 33
16 0 16
0 16 61
7 8 14
7 19 20
1 19 31
7 16 38
2 7 98
7 15 82
12 6 69
17 14 99
10 6 62
6 16 70
7 1 61
17 16 77
11 9 72
19 15 52
9 17 74
7 0 25
3 6 23
4 13 54
9 0 1
8 18 87
11 7 97
0 15 87
19 8 55
6 1 58
19 16 33
16 0 76
14 9 46
19 12 92
18 16 52
15 6 76
4 10 55
8 11 43
0 19 50
9 9 16
17 17 68
11 1 70
5 10 29
6 14 1
8 0 55
8 0 61
11 16 8
2 19 92
15 18 2
3 6 79
3 5 1
15 3 18
15 13 84
17 1 51
2 9 52
0 14 35
17 1 27
10 6 64
9 11 63
18 18 18
11 4 34
6 18 66
0 6 82
2 14 73
14 4 7
16 16 70
0 6 25
5 3 86
12 18 100
13 16 76
15 15 95
15 4 98
8 3 66
18 2 40
9 1 12
15 15 4
14 5 5
3 2 79
6 1 31
12 10 60
2 13 85
19 1 29
12 18 73
14 14 94
2 13 82
3 6 39
16 18 36
11 11 65
8 1 19
10 15 74
2 14 40
17 3 17
7 1 99
5 9 92
2 3 11
2 7 64
18 9 70
0 7 10
1 16 24
6 8 98
16 1 99
15 11 46
5 6 24
18 1 97
18 14 78
2 5 48
8 18 91
14 0 72
0 9 27
14 14 89
5 15 57
1 12 87
8 12 57
17 3 88
14 10 96
2 15 40
9 6 94
6 17 50
15 7 93
7 14 78
12 6 62
4 9 68
6 9 60
9 6 76
18 4 27
10 18 21
16 0 47
17 16 2
11 18 68
10 19 96
12 12 73
8 0 2
7 12 12
0 14 56
1 3 48
7 15 73
16 15 38
8 9 23
6 0 87
3 3 98
7 7 3
0 17 13
8 6 92
2 17 88
8 4 96
18 10 36
10 12 49
5 10 97
9 8 12
12 3 31
13 12 15
