15 13 55
5 5 8
18 4 68
15 5 15
0 10 20
13 18 50
8 17 73
8 10 54
18 10 44
4 13 27
8 9 15
10 0 4
1 5 13
8 13 70
7 10 82
11 17 5
16 7 54
16 14 47
10 5 35
18 15 89
16 0 42
18 3 84
19 8 1
18 0 87
12 5 40
14 18 77
11 17 33
9 14 99
13 8 74
12 12 85
3 14 89
14 3 4
2 18 41
12 4 48
18 8 72
16 12 95
0 2 77
11 4 4
4 3 85
13 16 99
0 14 73
3 18 40
0 11 38
11 4 88
18 5 20
6 16 98
4 8 26
15 12 8
14 17 39
18 14 81
7 12 42
15 14 69
17 16 22
11 14 3
4 18 17
13 4 57
3 3 85
18 9 75
14 14 42
18 0 22
13 12 57
17 7 92
16 15 49
5 12 24
7 19 86
18 1 77
14 8 7
12 7 32
4 16 78
11 14 67
13 7 70
15 5 56
0 3 51
14 9 10
0 19 91
16 2 72
9 0 45
16 4 51
14 7 16
4 13 71
10 10 72
1 9 68
14 15 27
1 14 62
0 7 67
0 2 40
0 15 67
18 0 93
3 14 68
10 1 17
8 3 55
7 10 92
18 19 63
10 4 57
16 9 48
2 4 1
0 2 76
17 8 67
13 14 22
12 5 51
3 13 26
15 17 31
17 18 84
16 11 95
17 12 27
8 12 22
9 4 99
10 9 25
18 16 72
19 2 22
14 17 51
5 6 90
6 16 24
7 5 87
15 5 82
2 12 30
7 7 70
2 4 39
12 8 2
16 12 43
18 17 7
1 17 18
14 2 73
12 11 10
0 15 73
14 2 76
15 5 14
6 12 28
1 17 16
3 12 12
15 14 64
14 14 73
13 6 97
18 4 7
15 1 75
5 9 17
5 13 54
5 8 11
8 1 34
4 12 22
18 1 62
6 1 10
19 14 45
15 2 90
13 1 27
19 1 26
15 18 37
18 19 4
19 8 50
7 8 69
17 2 57
10 17 29
8 15 18
19 19 49
4 17 54
13 11 72
11 6 6
3 6 80
0 17 14
12 1 62
15 5 50
2 12 61
19 6 71
6 5 1
7 15 98
3 3 94
14 16 74
1 7 9
6 16 74
19 9 79
2 18 10
15 15 75
11 16 13
2 18 38
10 4 9
5 16 72
9 15 46
5 2 28
19 19 44
16 6 15
12 18 14
0 14 87
9 10 94
9 10 7
6 6 96
6 6 95
14 7 93
4 18 31
12 0 33
10 2 67
12 19 39
17 8 5
6 7 56
8 17 20
12 1 56
14 8 68
18 14 44
17 12 53
11 14 63
13 16 37
13 11 90
1 8 87
1 6 8
14 7 14
10 15 77
3 15 70
16 7 1
2 8 50
8 8 10
6 19 79
7 13 98
18 12 4
11 11 46
7 8 47
16 10 63
5 17 38
15 12 43
9 12 90
5 7 26
5 10 83
3 5 99
0 1 76
1 1 49
15 14 64
8 4 27
16 4 87
6 5 68
1 5 82
8 7 43
1 0 21
13 17 76
1 7 93
7 5 86
7 9 7
3 17 88
11 0 37
15 15 13
8 0 35
8 1 83
2 7 64
12 16 78
0 17 94
6 16 24
14 4 100
9 16 95
16 11 54
7 1 98
3 7 20
6 15 44
0 13 70
4 13 52
6 12 25
8 3 79
5 16 22
11 11 71
3 10 74
4 9 70
6 6 65
18 9 77
8 11 95
0 18 1
4 8 39
19 9 2
6 4 68
0 3 75
1 3 23
12 4 19
5 2 31
1 19 53
9 0 11
0 1 98
11 19 55
8 19 21
4 1 15
1 0 61
7 19 20
11 16 43
2 18 97
11 5 58
6 12 61
0 15 3
2 17 44
9 1 80
11 15 64
0 2 96
4 5 82
11 10 49
15 1 65
7 18 99
13 2 52
17 12 75
16 5 18
2 14 5
16 1 47
14 2 87
18 1 6
7 6 99
15 18 68
8 8 14
18 2 70
15 15 34
12 0 7
13 12 18
11 18 72
10 17 59
9 6 52
17 5 44
13 14 92
11 19 12
3 17 21
18 10 31
1 14 40
15 14 80
4 14 54
1 16 86
16 9 98
18 2 78
10 16 82
10 3 31
5 19 10
9 3 84
5 16 41
14 16 27
15 16 18
1 5 58
16 16 82
1 7 94
19 1 87
11 17 11
9 7 94
1 3 45
5 3 88
16 6 95
16 8 8
10 17 84
16 0 56
3 15 48
5 1 40
11 1 56
14 2 49
17 0 26
1 14 54
6 7 90
13 1 55
16 3 71
18 0 73
16 7 58
8 1 93
8 17 24
14 17 52
2 13 39
6 9 92
18 1 97
13 16 5
1 7 55
1 9 73
14 0 18
17 6 12
10 19 83
4 3 15
4 9 85
10 17 90
10 17 100
1 17 71
14 17 40
12 9 4
11 11 51
3 12 17
4 9 23
13 9 89
4 15 92
7 10 44
11 1 9
10 15 99
17 19 62
10 13 93
19 18 60
0 6 74
19 15 88
4 1 77
13 7 22
5 17 36
19 2 34
14 14 69
0 5 79
17 11 91
16 18 41
9 6 96
2 11 26
9 18 28
14 13 28
3 17 55
19 12 44
5 1 24
17 4 96
19 19 81
18 8 87
1 3 85
12 12 89
11 3 83
14 10 89
11 16 82
10 17 61
8 7 75
17 2 85
13 12 72
14 5 86
8 18 18
12 10 42
14 13 4
11 0 79
19 3 99
9 10 61
0 6 72
4 7 3
3 2 11
19 16 58
9 1 35
13 13 39
8 10 22
7 4 27
6 5 72
3 4 50
7 12 81
10 11 4
15 1 47
16 14 66
15 1 31
8 16 22
18 6 26
4 6 27
13 2 15
8 10 46
18 14 11
5 13 22
6 2 69
12 17 97
18 11 94
14 5 85
5 18 47
16 19 29
13 7 83
16 7 49
1 16 49
15 4 11
3 11 74
2 17 46
17 13 89
13 11 3
3 8 37
16 2 16
14 8 15
12 2 37
16 7 95
16 19 12
2 16 80
16 6 94
19 4 11
11 13 68
3 7 96
1 16 12
5 7 52
2 11 7
3 2 96
16 13 68
15 3 30
14 14 45
19 9 81
9 2 45
19 2 23
11 6 96
11 12 48
15 3 73
8 2 46
18 13 16
7 14 88
6 17 65
11 0 42
1 10 42
5 5 24
9 11 25
14 18 37
18 19 100
15 13 1
2 8 84
2 16 2
11 14 2
8 2 96
7 9 60
12 3 31
9 7 29
3 19 77
19 16 30
15 9 7
9 14 16
19 3 99
17 3 24
19 8 43
9 0 41
0 16 65
13 13 29
0 13 31
3 1 24
8 14 88
4 11 60
15 14 58
18 14 59
5 18 20
16 0 84
4 9 20
4 8 68
13 16 80
16 12 75
16 19 34
1 17 77
17 15 86
6 13 96
2 18 76
0 3 4
9 14 74
2 5 45
7 5 9
4 14 71
14 5 72
16 4 70
16 13 72
10 7 62
5 1 7
18 2 85
9 4 88
8 10 52
17 7 29
9 6 5
17 0 59
0 9 35
8 4 100
17 11 1
9 8 6
9 17 24
16 7 31
3 0 5
17 4 48
17 0 90
18 3 85
13 1 85
12 3 60
0 1 82
15 13 32
5 18 6
8 1 93
7 2 5
5 17 22
1 8 4
3 6 51
0 12 68
13 9 91
3 0 53
10 7 1
3 5 48
3 1 85
2 3 23
1 5 93
10 14 47
0 0 49
0 15 92
5 6 100
17 9 58
19 5 97
0 14 74
15 4 26
2 19 66
18 6 98
3 8 2
6 16 97
0 3 71
18 16 93
13 17 14
0 3 8
13 4 17
13 9 94
0 18 9
7 19 61
14 15 68
6 5 39
17 0 50
17 18 81
16 19 17
12 18 100
2 19 33
18 11 25
18 8 21
14 10 82
13 10 73
11 10 63
3 2 98
12 7 69
17 6 30
3 11 4
12 15 85
12 17 85
12 14 43
8 16 31
14 18 88
1 1 58
8 13 83
15 12 89
15 8 34
17 14 83
0 2 44
18 9 10
16 8 28
17 7 73
9 4 68
7 5 74
6 9 53
1 9 73
7 10 73
0 8 4
10 17 5
0 0 74
15 13 9
1 19 4
6 0 62
7 8 14
4 10 17
13 4 15
12 11 92
10 8 59
0 0 100
12 1 27
13 19 31
8 7 13
11 14 63
12 10 42
2 13 10
11 15 60
1 2 27
14 10 53
8 5 61
2 11 89
17 19 89
10 5 14
1 14 25
6 19 57
16 11 85
9 17 5
12 4 51
16 19 72
19 18 31
19 4 30
4 10 20
0 7 31
13 7 48
16 11 29
4 7 13
8 6 100
12 14 84
11 11 19
11 12 30
10 19 79
2 16 75
5 5 7
18 6 86
9 1 75
1 17 10
1 14 73
17 6 24
17 9 72
10 18 33
0 16 77
2 14 44
2 10 10
4 1 79
19 17 72
4 1 56
19 10 14
10 17 76
17 4 28
2 15 7
0 7 66
13 8 92
3 11 9
2 7 56
15 3 42
14 9 4
18 11 79
13 17 73
9 19 84
11 4 36
8 16 72
17 19 86
7 11 10
6 14 25
8 2 52
18 12 31
14 16 34
8 0 94
1 12 100
16 19 39
8 11 61
14 18 7
19 14 1
18 17 7
17 7 1
17 14 61
17 15 13
2 12 46
10 10 66
12 10 41
17 8 98
19 4 74
19 14 25
18 8 62
3 12 24
13 5 22
16 4 100
13 8 32
12 2 71
2 13 27
2 13 64
5 9 44
1 18 4
19 4 95
17 5 24
13 12 42
2 18 99
13 7 81
16 6 100
13 11 44
8 8 97
8 4 96
16 5 13
7 9 36
8 3 34
11 1 26
14 15 47
19 14 34
2 7 62
1 15 20
8 9 93
8 16 13
18 4 58
13 10 54
14 18 90
6 1 17
0 9 42
16 2 90
18 18 87
14 19 35
10 6 67
19 1 11
8 12 33
0 7 27
7 16 56
17 19 6
11 2 36
13 16 62
16 18 77
16 16 55
18 5 22
1 18 58
4 8 68
19 8 84
19 4 35
6 3 100
3 10 54
15 9 30
13 9 70
13 7 9
6 12 99
17 3 38
1 19 87
9 7 63
8 0 52
14 10 6
17 7 56
0 7 59
9 16 36
19 13 19
14 18 49
9 2 22
3 2 82
0 8 27
19 4 56
11 12 15
7 7 36
15 12 67
18 15 50
0 1 21
10 5 38
9 0 81
19 12 36
1 6 55
2 9 87
16 0 12
12 11 27
8 0 10
12 9 52
2 10 34
1 0 4
9 2 4
10 18 54
7 13 42
16 7 52
0 19 38
3 4 84
8 3 52
16 14 11
11 7 55
13 16 97
5 18 60
18 16 84
10 16 95
7 1 64
3 5 94
14 18 96
12 18 73
15 11 60
18 0 19
10 11 38
19 3 64
4 13 51
4 9 4
0 10 84
8 10 64
6 3 80
0 1 81
10 11 74
17 3 64
13 1 10
2 9 26
1 2 38
6 17 15
15 2 89
17 12 88
13 16 89
7 7 42
11 3 97
9 1 40
10 18 51
3 0 2
2 8 29
2 1 70
4 16 97
4 9 47
4 9 7
10 10 61
7 18 9
10 3 67
1 5 12
16 8 42
14 1 95
19 12 33
0 11 92
17 19 36
7 4 1
16 2 32
13 17 99
1 5 69
15 5 65
14 16 47
4 18 98
8 7 26
18 19 99
8 16 56
6 17 31
13 2 1
3 16 87
2 14 3
2 2 59
11 18 63
0 7 60
14 7 23
14 18 16
9 4 48
3 14 49
5 0 70
2 5 53
5 7 35
19 2 35
16 0 9
11 11 95
0 5 2
8 8 92
6 11 94
12 11 14
5 14 28
3 18 78
2 11 60
16 17 50
7 19 20
19 11 43
5 2 9
17 9 74
16 15 85
15 18 90
14 2 65
14 9 96
9 9 5
8 8 41
9 3 3
19 1 88
10 8 10
6 16 74
3 13 18
17 8 89
17 15 32
9 10 36
3 7 14
0 9 89
0 5 48
0 18 10
16 19 65
3 17 43
3 16 12
5 19 3
3 16 68
14 17 65
14 2 62
11 4 44
0 2 25
18 1 55
2 7 84
13 7 77
6 13 18
10 18 53
19 18 13
11 11 85
10 6 4
12 16 80
10 16 77
8 17 90
4 5 96
18 10 15
4 14 59
3 12 28
0 0 81
12 12 65
16 16 11
7 13 26
9 16 88
3 3 31
17 2 75
15 4 47
10 8 70
15 7 22
6 3 58
0 14 81
14 7 15
4 19 98
1 12 81
16 17 11
2 16 16
2 17 35
19 10 68
4 9 42
14 13 74
16 10 5
13 13 9
5 6 15
15 3 45
14 2 11
9 17 52
19 8 82
6 1 15
4 1 13
0 16 92
5 19 8
3 3 54
13 9 47
4 10 33
5 15 49
0 15 24
0 1 15
10 14 99
7 5 83
7 1 28
11 19 39
14 4 68
15 18 3
11 19 73
13 16 99
17 11 13
11 12 28
8 17 58
19 14 18
5 4 70
17 18 64
2 3 41
18 8 22
0 5 76
18 0 47
0 11 97
12 7 77
6 7 96
9 3 67
11 18 97
18 1 13
3 4 16
9 15 85
13 10 6
6 10 74
2 15 56
10 10 34
9 3 30
16 5 77
7 3 74
14 12 37
0 0 51
7 2 75
4 0 74
0 17 72
4 8 55
7 5 94
1 1 17
9 12 46
19 6 18
8 9 29
13 0 58
16 17 6
2 16 56
13 6 100
10 9 90
14 11 14
14 3 60
6 3 30
13 8 68
15 9 67
10 4 2
9 1 30
4 3 19
3 5 45
12 16 1
4 8 69
12 18 65
17 6 77
2 9 2
14 17 73
10 10 8
18 12 65
2 4 90
10 7 36
18 4 73
3 8 20
6 5 97
10 13 57
13 3 15
17 12 2
0 18 51
10 11 37
3 5 8
11 19 17
17 12 8
1 17 71
14 4 4
0 18 45
10 9 14
7 17 73
14 10 94
18 14 23
15 19 73
2 12 41
11 0 75
15 14 24
15 19 94
17 19 94
2 12 61
12 14 72
16 11 23
1 18 75
8 19 26
4 7 79
18 11 63
13 0 56
11 14 15
13 12 15
18 1 45
16 17 80
3 8 21
5 0 83
11 3 76
5 18 4
15 4 76
2 0 23
0 9 36
8 16 3
13 7 67
7 13 64
2 17 40
12 0 14
9 12 55
11 14 60
8 17 17
15 11 25
4 9 89
6 0 29
16 18 46
16 8 87
4 4 40
11 7 35
9 15 62
4 19 52
17 16 61
2 18 25
11 5 94
9 3 99
14 13 17
11 2 19
12 12 88
16 18 81
8 5 29
13 11 65
13 5 50
4 12 16
7 1 41
10 0 21
4 10 77
13 8 80
14 5 95
14 16 64
11 14 4
6 15 35
5 11 12
7 3 71
19 9 62
4 18 2
12 12 6
13 18 1
18 0 89
18 6 8
11 17 30
12 5 68
14 17 35
4 14 44
1 2 63
7 10 49
19 16 11
8 15 17
9 17 70
15 1 40
7 12 19
0 15 14
1 19 43
8 12 46
19 5 52
11 12 10
18 4 51
13 19 44
2 15 32
14 10 4
12 11 41
7 6 94
18 18 46
17 12 42
8 9 53
16 18 25
12 14 24
4 9 5
7 17 95
3 10 95
19 19 79
1 16 70
8 18 66
19 2 67
5 11 75
0 13 49
19 2 75
18 15 4
9 18 93
11 1 91
3 16 68
5 16 39
14 1 74
8 3 4
3 1 17
1 16 21
6 13 13
0 2 12
1 19 73
3 16 41
9 19 7
3 18 42
16 13 35
3 4 57
3 16 4
8 4 29
16 17 6
16 6 98
9 6 29
6 11 56
11 2 58
18 18 97
11 10 26
4 0 34
17 8 70
6 17 65
5 9 97
19 13 98
6 12 99
9 6 80
6 7 73
3 16 57
4 11 35
9 6 92
6 2 45
17 17 46
7 14 88
9 8 48
14 12 41
7 8 61
14 19 38
7 18 43
4 10 93
3 2 78
14 0 63
14 14 39
0 19 81
13 0 88
3 4 88
17 6 94
14 19 35
11 13 25
10 5 71
16 7 32
6 3 61
12 3 1
3 19 89
16 1 55
8 7 34
15 1 56
7 18 46
0 9 39
3 1 65
18 11 26
1 11 50
5 5 69
3 17 68
11 7 30
1 1 35
9 1 52
13 12 77
16 15 38
5 6 54
16 4 12
11 18 92
14 18 14
6 1 79
9 1 5
9 17 96
2 13 11
7 6 26
9 9 61
9 10 79
12 14 74
14 10 93
12 10 3
0 18 60
5 1 20
2 2 49
9 13 44
3 17 70
0 0 5
0 0 14
15 13 62
16 15 72
14 18 19
19 4 65
3 5 78
3 2 99
14 12 34
9 19 53
19 17 95
15 4 72
15 13 49
17 17 64
12 4 13
18 9 90
7 17 36
10 3 78
3 17 47
15 18 19
0 14 64
11 10 91
11 8 39
0 15 48
3 6 34
4 4 44
5 18 42
18 1 23
14 14 88
1 4 57
18 14 95
16 15 71
13 5 62
17 18 32
7 2 22
11 10 40
11 6 41
13 15 55
11 7 46
17 4 12
19 18 78
7 9 91
3 1 85
4 10 36
13 15 27
19 1 41
9 15 30
17 16 45
10 9 91
15 13 27
19 17 60
8 6 100
9 4 24
13 10 82
14 4 3
0 13 5
14 15 58
15 5 71
19 4 19
12 9 58
14 12 51
17 4 37
6 4 10
6 7 44
10 11 43
18 17 27
9 11 86
17 10 93
16 0 93
3 13 89
8 13 86
8 18 61
15 5 19
15 6 59
16 5 50
6 19 41
2 11 60
13 8 80
18 5 53
17 7 65
12 3 22
3 5 32
16 4 21
3 13 1
9 5 3
16 9 3
19 6 94
0 0 69
8 16 57
1 15 92
14 16 15
14 18 4
9 11 100
18 16 86
11 19 28
6 3 67
7 5 77
14 1 51
17 5 32
11 6 18
10 0 56
11 11 72
4 16 79
3 14 42
1 9 87
0 17 19
9 7 82
4 15 3
8 6 66
8 8 52
0 2 11
15 7 22
8 13 39
15 13 53
15 2 80
5 13 46
4 15 49
17 1 67
17 13 89
3 13 80
1 10 33
11 19 69
11 7 46
2 1 9
4 4 15
8 14 39
7 8 69
14 11 71
12 14 79
16 10 5
9 3 68
11 15 64
7 4 23
9 8 92
1 18 40
4 10 57
15 1 4
3 16 73
11 3 67
11 2 30
18 19 67
5 14 5
4 1 12
10 11 19
5 15 34
19 14 43
13 15 73
17 1 82
14 10 66
9 4 34
10 19 52
16 9 47
1 4 5
4 4 89
6 1 42
12 17 85
17 9 26
18 13 60
1 13 40
18 5 64
3 18 54
13 16 78
18 7 20
9 10 16
19 14 79
4 13 41
0 12 40
16 19 82
12 18 77
9 13 57
3 7 30
17 17 57
13 18 55
10 16 84
11 3 77
19 17 18
19 5 99
5 11 10
16 16 21
10 16 60
13 12 33
4 8 81
7 10 16
3 9 15
14 14 22
13 17 62
14 14 62
12 6 77
18 2 52
7 11 9
3 12 14
17 5 70
2 4 21
4 17 27
1 11 71
16 19 24
2 8 40
13 7 100
10 9 54
5 11 55
11 0 7
5 7 37
9 0 64
10 12 13
10 4 27
7 19 18
12 12 17
7 6 87
5 12 86
3 10 43
19 11 12
7 11 41
5 15 66
6 15 50
7 7 71
15 16 98
8 15 22
18 7 98
2 4 98
3 13 22
12 0 1
3 8 28
16 16 83
7 13 40
1 17 54
0 7 76
13 19 31
13 17 76
10 9 7
14 9 95
6 1 9
6 18 82
2 0 66
6 11 65
12 0 99
9 19 85
14 5 69
18 8 81
7 15 36
4 4 97
17 19 96
18 16 63
16 12 96
2 8 97
19 1 6
14 17 62
15 3 81
8 18 24
1 14 15
19 14 10
1 6 88
13 10 41
5 14 66
17 17 18
6 18 8
15 15 69
17 5 38
10 0 51
19 11 3
9 16 75
16 0 59
3 13 13
2 5 3
12 0 61
5 15 55
7 0 28
10 10 10
15 14 100
14 6 44
3 2 15
7 17 22
2 18 33
18 1 71
2 4 21
2 8 38
8 19 38
16 17 32
11 10 19
13 9 87
15 10 81
0 14 19
14 7 22
7 1 97
8 10 66
19 3 12
13 11 25
11 18 83
15 15 77
3 8 100
1 19 30
3 2 69
14 17 75
15 4 53
11 13 70
10 0 9
18 17 46
19 17 7
8 14 48
7 11 25
8 18 59
17 2 57
6 7 49
3 4 5
1 12 57
18 8 12
11 18 50
18 19 74
11 19 65
0 14 68
17 17 89
18 2 51
19 13 69
8 17 74
15 15 26
8 5 25
0 16 44
7 3 21
7 16 52
7 7 85
18 13 4
9 14 25
2 0 62
0 17 5
4 8 48
1 1 45
10 19 14
3 18 2
10 4 55
3 2 30
2 10 59
11 19 59
8 19 31
11 0 2
7 18 59
7 10 94
8 5 99
9 18 42
6 1 11
12 5 94
10 15 16
18 11 30
18 10 59
6 15 75
6 19 1
14 14 67
9 6 86
12 12 75
3 5 83
6 0 22
2 8 12
11 18 32
17 10 32
1 4 85
10 3 3
2 14 94
4 3 34
1 14 95
11 7 76
16 4 31
19 4 47
4 4 28
8 9 49
9 0 72
19 3 10
2 5 38
0 17 95
16 5 35
6 3 63
15 11 48
14 1 19
6 4 7
7 13 67
9 9 85
5 7 25
19 7 31
16 7 52
11 15 88
18 8 20
18 17 58
15 0 22
12 14 17
0 1 12
13 11 8
4 8 12
10 15 60
19 18 75
17 12 74
8 10 58
12 18 70
2 1 83
8 12 94
2 7 79
13 8 86
12 6 1
12 11 65
10 3 31
6 10 11
18 3 71
7 2 32
2 17 65
17 2 12
1 5 33
17 4 90
19 11 30
2 12 34
11 11 24
3 19 1
19 0 79
11 9 37
7 19 66
3 9 96
8 0 69
17 2 47
2 17 72
1 19 78
17 14 34
0 2 30
18 19 68
5 6 29
19 19 65
19 19 62
10 18 92
12 3 43
17 0 52
19 5 36
12 0 40
11 4 44
8 8 70
0 17 69
14 9 27
3 10 15
15 1 49
12 8 26
6 3 16
5 12 89
11 4 72
6 17 34
13 5 84
15 7 74
6 8 50
10 18 45
11 11 44
0 10 9
8 19 45
12 2 26
7 17 29
16 15 67
6 4 23
6 17 1
13 16 79
0 18 7
12 11 71
19 3 41
18 0 36
16 12 63
8 2 97
1 1 93
8 4 28
6 7 22
10 0 100
13 10 20
5 5 99
11 12 61
6 6 52
10 18 75
7 8 85
12 9 17
4 16 66
19 11 43
14 17 84
13 16 52
2 17 7
0 10 93
4 9 51
17 5 39
8 5 78
16 17 98
4 14 51
17 18 37
9 16 43
12 0 6
15 4 100
18 6 67
19 18 96
8 5 74
16 3 93
5 10 57
7 18 69
6 5 81
18 2 47
15 6 61
0 11 20
14 15 71
10 6 4
12 6 29
14 6 50
17 3 77
12 2 26
9 1 15
12 13 53
6 15 5
8 1 18
5 17 6
17 2 55
4 14 94
16 3 12
16 0 22
9 0 41
10 10 32
14 1 42
11 1 90
15 16 24
3 9 19
18 8 62
18 14 72
6 7 67
18 19 23
14 3 75
13 1 65
1 12 67
3 16 77
16 19 45
15 11 50
0 1 85
3 12 72
5 0 39
10 2 10
5 12 15
10 4 53
19 2 6
9 13 52
1 17 90
10 18 6
7 3 28
0 6 97
12 5 25
4 16 33
14 0 96
9 3 9
4 19 25
1 17 16
10 18 65
2 16 78
17 16 43
10 4 25
10 1 64
8 10 26
8 11 28
10 18 64
0 16 5
0 10 98
16 19 54
2 10 11
9 13 16
5 5 55
4 5 96
12 9 61
12 16 6
13 16 95
3 12 61
9 10 34
6 13 66
17 15 54
11 7 47
12 1 75
15 7 46
10 13 64
3 19 60
1 19 75
17 14 54
6 11 64
1 0 17
3 3 19
18 4 25
12 13 85
6 1 60
13 18 7
7 4 89
1 2 88
11 19 89
0 8 88
8 0 29
6 9 74
11 3 63
16 0 50
3 12 1
14 9 58
10 3 45
18 10 57
14 1 55
17 2 29
2 2 10
5 19 73
11 12 36
13 18 82
10 4 4
11 11 2
8 0 13
0 10 88
8 1 55
9 18 42
6 11 84
4 19 23
15 7 55
17 9 34
12 15 52
10 9 91
6 0 60
9 14 96
3 13 6
2 13 98
6 13 66
18 7 21
14 17 4
11 7 37
5 5 83
12 8 98
18 4 95
18 17 50
12 4 57
1 18 55
8 5 25
19 18 7
15 0 99
5 7 36
10 3 92
2 7 100
14 6 53
15 1 21
16 13 52
1 19 72
7 11 3
9 14 6
8 4 45
5 6 20
19 13 20
11 18 96
17 1 67
8 2 56
6 9 94
16 19 65
11 19 55
4 2 69
11 0 21
6 4 32
8 0 29
11 8 38
8 8 66
1 4 5
5 9 54
9 1 69
18 4 83
2 1 56
1 17 11
12 3 54
1 15 33
0 2 92
10 10 78
16 2 58
7 4 82
2 1 1
11 2 89
10 10 91
11 14 27
1 1 53
15 14 100
19 13 24
14 11 69
12 15 72
14 5 47
4 5 69
16 10 26
14 19 7
9 5 6
14 7 43
7 1 75
16 8 67
19 1 40
15 16 100
6 3 79
8 8 54
17 16 31
11 10 82
10 4 58
18 7 8
12 14 45
4 5 79
6 9 56
0 6 97
6 8 91
12 8 29
11 12 55
8 13 9
5 5 26
3 6 62
16 3 58
2 15 28
4 19 67
11 14 69
10 19 97
14 19 81
9 18 80
4 11 24
15 9 38
8 15 86
10 19 50
11 1 69
9 13 57
7 6 72
1 13 89
18 16 64
11 10 98
12 13 16
4 2 80
12 17 29
15 12 25
16 14 99
0 9 62
7 1 83
11 14 29
6 2 77
13 10 80
16 4 77
12 7 79
18 2 42
7 8 34
8 3 17
15 8 37
10 3 94
3 1 14
12 8 2
11 10 37
13 8 33
19 18 38
12 9 72
5 1 81
9 11 88
4 0 14
18 9 6
13 9 40
5 7 94
9 17 79
12 18 43
0 5 37
6 15 6
5 2 2
13 8 41
12 12 43
3 14 69
13 5 81
10 6 22
13 8 36
13 4 11
4 18 89
0 18 21
0 7 78
11 8 25
6 17 74
1 18 11
17 2 98
14 12 27
4 10 12
6 11 60
18 4 2
6 10 96
0 4 19
14 16 50
1 16 57
3 9 6
3 11 91
1 9 33
7 5 93
19 13 30
8 7 21
6 8 28
1 5 11
5 5 87
3 16 85
12 3 47
5 0 33
16 8 18
6 7 28
9 19 93
13 8 95
8 12 66
6 0 86
9 3 1
19 9 83
13 19 34
0 4 78
13 6 18
15 11 79
14 16 61
12 16 77
2 4 86
12 19 60
6 5 56
14 16 84
4 16 48
13 5 75
8 9 23
2 2 60
9 9 44
8 12 38
3 9 20
9 11 52
15 8 10
10 11 26
2 11 14
13 13 47
6 19 46
0 12 61
18 4 10
9 2 96
18 7 71
5 18 55
13 11 5
19 5 71
7 11 15
17 6 17
13 2 97
9 10 33
4 1 13
5 16 40
13 9 3
13 15 7
14 16 19
17 5 10
14 17 72
15 6 77
14 8 6
4 17 24
12 11 87
10 10 64
17 13 70
10 9 52
9 8 46
7 6 61
16 3 47
17 4 41
15 12 76
11 9 11
15 13 76
17 10 98
18 19 35
0 19 42
4 10 68
18 5 28
11 8 59
3 5 44
2 16 58
4 0 64
2 13 50
10 13 97
7 8 44
3 7 29
5 3 10
18 16 71
6 12 73
3 14 59
3 13 83
6 4 92
4 10 58
11 10 86
3 11 40
11 12 7
15 6 37
2 0 98
17 6 2
10 1 100
7 17 72
14 13 2
11 0 100
15 8 6
11 9 65
6 5 82
17 16 36
14 18 68
0 6 53
17 19 68
0 8 60
3 3 79
11 12 76
10 1 97
7 17 87
16 9 44
12 15 17
19 13 21
7 3 46
16 0 52
17 3 57
11 16 53
17 3 78
17 6 14
1 14 4
9 6 78
13 10 15
0 8 26
12 12 58
3 5 55
5 12 83
17 7 18
18 7 65
7 4 60
5 8 21
12 13 74
7 19 33
13 7 76
14 2 68
0 14 40
14 13 19
6 11 68
3 3 75
18 3 34
0 14 91
10 8 8
6 7 78
11 3 39
1 11 91
6 10 68
17 18 37
14 14 90
1 0 42
17 4 86
7 16 37
5 17 95
18 16 82
13 5 91
5 17 6
14 19 100
13 4 1
17 15 49
2 6 70
8 14 28
4 3 91
10 5 14
17 5 78
17 12 7
18 4 42
11 10 33
10 3 46
3 5 18
16 18 68
7 18 24
19 13 38
15 15 84
18 13 27
4 7 71
1 19 1
1 9 56
16 4 75
5 18 67
12 3 89
17 6 9
1 16 7
4 13 68
6 4 32
4 14 43
2 15 21
10 13 46
11 12 84
17 4 32
6 9 81
6 5 5
14 15 67
16 9 5
18 19 80
19 12 22
12 18 24
18 3 6
7 3 49
2 7 76
16 10 45
3 5 98
1 9 85
10 5 5
19 11 4
1 2 55
19 6 24
15 6 12
10 19 25
2 10 100
4 14 40
5 9 37
7 6 37
15 13 55
6 11 42
5 11 17
19 2 18
13 16 64
15 1 18
7 1 75
6 2 100
1 2 3
0 9 70
16 4 83
0 11 41
11 12 57
2 0 17
6 10 11
3 19 22
8 18 69
11 16 67
1 9 75
9 10 75
7 9 90
11 17 95
5 4 67
6 19 22
17 4 46
18 10 23
16 2 91
6 15 71
7 19 93
14 13 14
13 6 43
16 5 98
12 7 61
16 14 41
12 3 71
5 12 30
16 19 24
12 0 7
17 2 57
1 11 10
5 16 20
19 0 34
13 16 96
15 16 45
13 17 91
6 10 9
14 13 52
8 19 43
0 18 30
15 3 65
14 11 19
7 7 96
19 3 99
4 15 21
6 9 25
16 6 9
15 12 65
9 0 31
12 9 11
12 10 37
4 15 12
12 3 14
15 12 77
13 2 55
11 2 38
17 0 38
16 11 18
6 9 66
7 18 57
3 5 18
5 17 75
9 13 84
4 16 97
8 5 70
5 7 96
3 19 76
18 3 20
13 18 46
10 4 47
16 4 63
3 18 56
2 11 41
5 4 35
19 1 20
10 13 34
10 15 35
12 11 13
17 11 45
16 16 25
19 17 95
18 7 36
0 12 26
4 19 55
19 11 83
1 17 79
5 18 22
1 6 5
1 6 76
11 3 65
16 18 33
2 14 29
12 3 8
19 10 9
18 0 83
15 19 33
6 4 46
11 0 15
0 5 77
9 1 95
3 7 3
2 10 45
6 12 51
1 2 57
12 12 15
4 19 1
3 11 89
5 8 75
18 15 98
19 0 53
11 13 79
3 1 94
15 19 10
3 13 67
0 5 23
11 18 17
6 8 20
7 14 46
10 17 53
1 17 63
3 0 53
17 15 10
6 11 6
6 1 68
16 0 21
2 16 83
10 12 48
17 13 100
9 8 99
12 0 79
8 5 7
15 3 21
5 8 93
17 10 61
3 16 90
13 1 63
7 8 4
16 16 23
18 19 100
8 4 32
10 5 12
0 0 49
1 19 88
16 11 61
2 10 58
18 14 3
6 19 40
9 19 37
18 1 10
0 7 78
13 17 3
11 10 16
17 1 81
11 7 45
15 4 72
4 8 49
15 1 18
1 13 91
10 12 24
12 18 54
7 3 37
13 7 91
14 16 84
15 0 70
18 14 86
10 5 55
6 7 49
14 17 86
13 13 66
6 19 60
4 7 56
5 1 53
4 17 54
11 6 8
13 15 27
2 1 1
9 15 24
2 17 80
5 7 37
7 6 23
2 14 85
10 15 97
8 12 38
18 13 22
9 8 28
9 3 59
3 2 48
11 0 29
13 18 82
11 19 38
10 8 55
4 4 30
17 16 62
1 1 11
17 6 16
2 0 83
5 17 47
18 13 43
7 0 95
10 12 91
13 10 11
3 3 84
11 8 17
5 18 79
15 3 89
19 3 91
10 9 20
3 12 58
17 7 21
6 1 5
18 5 7
11 7 4
12 9 27
18 0 66
16 0 41
2 17 33
16 13 41
9 8 79
6 17 72
17 14 91
0 10 10
13 0 4
5 11 16
15 0 10
8 7 53
3 11 54
19 19 39
8 13 42
7 17 35
6 5 18
12 11 34
14 9 76
5 9 93
16 12 33
16 0 76
13 9 84
15 13 80
4 11 92
0 7 61
5 0 5
12 14 41
2 14 21
0 15 36
14 4 53
14 9 95
4 1 48
7 10 18
14 6 7
3 12 98
11 0 76
6 3 100
12 9 68
8 1 71
2 7 24
15 5 15
15 1 69
2 0 31
5 14 53
11 16 82
19 5 79
11 19 74
0 18 44
5 11 48
10 16 2
8 17 6
4 15 10
12 6 60
12 14 90
12 2 11
16 11 38
4 16 73
7 9 49
12 6 51
17 19 67
18 19 19
4 2 2
8 17 65
8 17 48
9 4 30
8 2 23
3 16 71
8 14 99
6 19 15
4 2 75
8 18 9
14 17 42
11 16 6
2 18 38
9 4 60
9 4 5
9 12 2
5 1 34
3 7 19
4 6 39
12 11 90
6 15 96
7 6 29
0 10 92
15 13 97
8 16 13
0 6 13
8 1 91
0 10 21
2 19 10
0 14 99
18 9 99
10 11 32
1 9 48
18 19 2
16 10 15
16 4 37
7 15 67
8 17 33
15 3 64
9 19 32
18 5 65
5 11 61
12 15 31
12 1 18
18 12 37
10 13 30
0 0 25
1 4 62
5 10 59
2 19 54
18 5 93
6 6 32
5 4 1
18 11 1
15 16 54
7 8 52
4 13 87
6 16 31
2 7 29
2 9 2
12 18 68
14 17 57
0 2 96
16 17 71
11 13 90
9 18 14
5 2 66
12 18 78
11 4 23
7 15 40
15 0 76
13 9 46
12 10 39
3 7 99
12 13 43
16 3 45
9 6 95
16 5 15
18 7 22
5 14 85
3 13 12
13 6 73
8 17 5
9 7 63
9 14 46
12 10 70
9 16 47
18 13 34
14 14 59
7 17 25
11 9 35
2 6 29
12 14 51
16 19 99
4 1 99
18 0 8
17 0 68
19 1 88
3 6 25
2 1 90
11 19 14
17 9 87
5 2 33
7 9 98
13 3 23
13 18 20
14 12 56
10 0 80
4 14 65
1 13 96
14 7 48
10 13 24
14 8 46
5 14 100
13 18 59
16 15 14
3 8 93
9 10 47
2 2 48
0 1 76
14 14 20
0 11 93
1 14 33
0 2 60
1 7 94
5 3 16
19 16 75
12 7 35
4 8 5
10 14 55
7 12 59
14 13 5
19 18 68
19 12 19
16 13 11
0 19 70
2 0 73
10 10 78
5 9 20
1 8 87
18 11 99
15 18 65
16 12 17
13 12 85
17 12 26
0 10 12
18 5 69
13 1 21
8 10 47
10 6 1
4 0 85
8 18 84
14 19 7
13 8 35
19 4 18
8 15 11
8 12 94
14 4 41
8 12 8
17 0 2
12 6 30
19 8 16
15 10 82
16 19 17
4 4 34
17 8 5
1 5 66
1 3 40
14 7 55
4 3 36
15 0 8
10 18 8
16 9 8
13 18 95
17 18 28
9 18 81
1 9 94
15 14 84
5 7 35
6 13 39
12 3 64
9 9 6
5 4 47
12 8 99
6 1 49
3 17 74
11 16 62
18 5 18
18 15 45
2 6 70
9 19 71
19 19 1
0 2 59
11 7 25
11 6 20
0 4 18
18 16 84
1 19 66
10 10 14
7 9 48
17 0 7
1 0 74
6 6 39
13 11 78
14 3 99
19 18 65
0 18 94
0 3 62
10 1 84
3 10 6
17 3 15
9 4 63
17 4 26
8 13 21
3 3 5
15 7 59
9 14 72
18 18 77
14 1 89
1 19 77
15 11 57
5 9 56
1 7 26
13 13 81
1 2 61
17 0 29
3 17 48
2 19 24
0 4 79
17 19 26
11 4 20
0 13 43
13 0 55
7 6 69
9 8 44
11 10 50
15 17 75
17 12 39
14 12 10
0 13 1
14 13 68
15 16 60
4 8 1
0 6 55
11 1 74
5 5 25
18 10 2
16 3 17
14 15 5
5 1 88
3 5 43
4 16 33
18 14 21
9 16 50
16 4 19
19 9 29
6 9 58
6 2 70
12 10 12
10 15 25
12 19 99
17 17 60
11 18 70
1 4 49
2 16 21
19 0 23
4 0 72
16 11 50
9 11 62
3 5 71
1 12 23
17 5 87
2 15 68
2 9 80
4 7 1
2 9 44
13 11 43
4 13 21
19 17 87
16 17 5
4 0 64
1 14 93
11 10 64
4 18 39
11 1 35
12 10 72
2 13 49
19 9 53
8 17 39
14 8 8
8 11 12
16 10 90
18 0 36
1 5 77
7 12 81
18 5 68
6 4 2
14 7 18
0 0 10
12 15 84
2 10 56
3 2 45
8 16 22
9 11 25
14 19 62
12 11 13
15 8 59
5 5 57
8 6 2
18 3 37
19 18 74
5 0 52
0 6 29
6 9 56
7 8 26
13 0 8
6 11 100
13 15 89
11 18 12
18 17 86
3 17 67
6 9 58
0 4 78
9 9 62
14 1 4
13 13 14
14 19 95
9 4 71
0 3 13
5 2 37
8 16 81
1 16 74
4 13 6
15 8 97
1 2 66
15 11 2
16 11 3
17 12 56
15 9 4
16 1 84
3 18 57
8 5 91
17 16 74
2 1 6
13 6 80
15 0 66
15 19 21
1 12 79
19 7 19
8 17 69
5 3 77
18 1 74
15 12 49
13 17 80
0 7 72
2 7 89
1 8 57
3 15 83
13 0 41
3 8 33
7 4 21
11 16 26
6 13 84
9 11 51
7 6 51
13 12 18
17 4 6
7 6 47
10 19 34
16 4 79
4 16 29
1 13 7
9 19 50
12 13 9
10 19 76
7 12 74
2 13 97
19 18 45
16 17 28
0 9 75
3 16 86
6 3 32
14 3 53
14 11 10
18 13 68
5 8 84
11 13 75
2 9 50
19 8 57
8 8 30
1 3 30
0 19 87
19 11 74
16 0 93
2 2 82
12 15 75
9 7 56
17 13 21
18 2 13
0 8 56
5 6 72
0 10 16
19 8 65
7 16 16
16 7 9
7 8 96
13 3 68
13 16 3
15 11 71
6 14 79
5 4 18
1 17 90
3 1 79
14 19 2
12 9 15
13 9 2
6 4 32
6 2 42
2 12 7
11 6 84
8 12 35
17 11 43
1 9 26
8 15 41
11 16 80
19 10 50
4 3 74
3 3 81
16 7 97
11 3 47
16 6 88
19 11 30
8 3 12
2 7 2
4 5 88
2 11 96
12 6 10
3 19 39
16 12 25
0 17 60
0 17 81
6 16 91
9 12 25
6 19 42
19 7 42
0 5 94
15 18 78
9 4 12
9 13 87
17 15 18
9 6 64
10 11 77
11 3 12
2 6 91
17 0 79
5 12 55
8 5 31
16 12 60
18 3 86
14 6 78
7 9 62
18 4 5
1 17 58
17 13 3
1 7 29
16 3 44
1 12 80
0 16 44
2 5 19
9 12 53
2 1 11
16 4 10
10 9 79
10 1 68
19 2 84
3 2 58
15 14 84
3 11 63
5 0 62
16 12 34
15 12 84
19 15 58
1 3 14
18 12 94
1 4 55
6 17 40
1 4 16
13 19 77
7 2 15
10 1 18
6 10 32
19 8 13
1 11 43
13 16 36
19 8 61
7 13 8
15 12 56
15 17 58
9 3 72
18 8 15
9 19 93
18 19 73
16 13 56
9 16 19
1 5 71
16 13 93
6 19 5
13 6 37
16 10 34
3 14 25
1 11 11
11 4 71
9 7 41
18 4 76
14 2 16
18 8 60
7 9 66
2 7 68
6 1 44
1 2 7
1 15 38
5 3 78
14 6 43
6 15 92
17 3 65
9 17 40
10 14 88
19 6 18
6 13 41
1 15 23
13 17 49
10 4 25
4 0 79
6 18 89
9 16 60
17 11 24
13 14 18
9 6 4
10 17 37
0 18 80
11 13 53
4 0 21
11 0 65
2 13 92
18 10 5
16 12 59
4 6 32
4 13 21
8 17 76
2 17 10
12 6 7
13 10 20
17 11 47
18 4 88
15 0 6
2 0 34
4 17 9
9 12 1
16 13 56
9 15 46
17 7 14
16 9 63
3 12 14
8 0 35
