12 10 81
2 2 72
19 0 89
14 2 3
3 4 82
19 14 84
18 7 67
14 0 9
2 4 48
7 2 21
6 1 82
11 6 65
6 16 70
1 5 58
11 6 14
6 0 90
2 4 95
14 15 77
6 11 76
19 2 71
11 16 1
7 4 73
0 10 83
1 12 21
16 13 20
15 0 90
4 9 30
0 11 86
2 14 68
9 19 56
16 1 72
5 14 54
7 10 70
19 2 27
13 5 13
4 9 47
7 1 72
1 15 68
1 0 59
17 13 24
2 2 81
10 16 23
14 3 57
11 8 70
17 5 10
9 1 93
7 0 76
13 9 77
14 9 44
6 6 58
6 1 82
7 4 81
18 1 82
13 2 94
10 1 30
19 18 31
6 2 82
0 8 2
11 15 88
3 5 73
3 1 23
13 8 66
13 17 91
13 8 33
9 16 76
2 9 21
10 8 48
7 6 57
7 16 38
6 8 19
18 16 33
3 12 57
5 7 92
14 2 3
13 4 43
17 0 20
4 12 11
2 2 25
2 3 94
13 18 92
2 13 25
6 6 5
6 15 80
10 6 46
4 13 40
9 14 41
18 10 32
19 2 95
15 12 1
10 19 54
16 9 13
14 8 64
18 14 50
17 13 39
4 6 40
19 16 99
6 12 50
17 10 82
8 16 80
4 15 79
13 6 14
2 14 5
1 16 59
3 1 70
13 4 23
7 8 8
11 12 30
15 14 63
6 3 55
11 16 58
0 8 18
1 13 92
16 5 33
19 10 26
15 4 2
7 12 59
9 10 34
15 4 4
4 11 88
12 17 66
19 11 70
19 1 77
3 3 96
17 9 96
17 16 35
19 0 3
5 4 62
5 1 44
17 3 98
19 19 20
8 11 87
9 16 26
4 5 100
10 7 42
7 4 22
3 7 73
4 8 52
11 5 22
7 17 37
16 6 62
3 12 28
5 14 75
12 7 66
10 7 81
0 4 100
18 6 31
9 1 94
9 7 97
9 19 34
3 6 77
13 12 96
8 0 53
11 4 83
4 3 59
11 8 77
19 1 69
6 3 34
3 5 18
7 17 57
17 14 69
3 17 34
4 6 57
8 2 42
1 3 41
1 2 58
2 17 95
13 18 32
5 16 40
2 0 100
12 11 33
19 5 95
7 14 7
10 8 76
7 11 19
12 17 94
3 2 81
18 19 91
17 19 10
6 0 72
16 0 39
5 5 34
7 18 39
0 13 5
13 7 86
3 16 88
8 13 6
17 1 40
8 9 60
0 0 46
4 13 82
12 10 93
2 9 91
14 5 78
15 6 12
9 0 41
0 17 66
18 5 25
7 14 48
2 7 46
7 18 64
16 17 7
6 5 20
17 12 30
16 15 10
0 14 69
12 5 9
18 0 94
18 4 69
7 15 27
8 19 63
9 14 9
19 10 83
1 5 21
8 13 33
1 17 84
9 10 58
9 9 90
2 4 2
5 15 10
7 18 48
7 6 31
12 18 22
15 5 80
0 7 68
1 8 91
14 3 86
16 0 21
14 19 3
4 11 92
13 12 6
19 2 25
10 19 40
14 16 53
17 0 68
3 9 68
4 18 72
7 0 40
11 14 58
6 7 11
1 9 89
12 18 60
17 11 39
4 2 9
17 14 10
18 6 11
4 2 86
12 19 21
2 16 52
12 10 9
1 17 33
17 7 44
5 11 10
7 6 9
13 9 21
12 15 47
10 1 14
9 5 80
4 17 83
14 9 4
16 7 83
16 10 44
4 0 71
18 6 10
5 18 92
0 19 18
19 7 98
2 2 87
12 5 31
7 7 23
6 7 67
8 12 9
16 11 31
9 17 35
6 18 19
13 9 9
3 11 92
13 13 19
2 10 80
14 18 85
10 16 87
16 17 99
7 6 30
17 10 87
2 3 40
5 4 54
2 3 30
16 5 80
11 13 90
5 5 66
19 9 85
18 15 77
4 11 77
2 17 86
6 1 96
8 3 1
5 5 15
11 11 18
17 4 4
16 3 27
9 10 22
14 2 24
6 15 29
9 14 6
0 13 49
15 16 79
13 4 9
14 9 86
18 7 36
15 16 63
7 7 35
10 6 100
2 1 4
0 2 75
12 10 34
0 19 53
5 17 98
1 4 56
2 16 44
6 2 66
5 7 29
3 1 31
10 7 42
9 19 82
15 4 63
5 7 59
12 8 94
11 15 6
17 4 14
5 0 93
11 13 52
14 6 98
4 10 35
16 4 80
17 19 34
2 6 90
17 19 4
18 17 1
12 1 97
17 18 20
11 13 89
8 4 39
17 5 33
12 16 22
14 10 63
15 7 1
4 2 37
7 14 65
9 8 8
13 8 61
18 14 42
11 9 44
4 7 33
15 8 77
8 15 20
11 11 19
5 16 3
8 3 95
10 4 61
15 16 14
10 8 2
3 17 94
9 13 92
18 8 52
3 19 48
0 6 63
0 8 40
19 2 29
0 14 11
12 16 49
17 15 71
18 13 53
6 12 72
15 14 73
4 0 70
19 3 60
11 14 57
18 7 64
5 12 5
6 10 27
17 3 93
5 14 18
16 10 100
9 17 58
9 8 73
18 18 46
15 8 3
10 18 23
18 7 11
7 8 75
0 12 78
11 16 11
1 11 90
14 6 75
16 12 92
19 3 5
8 12 56
15 18 30
6 1 70
1 5 48
9 14 32
11 0 100
18 6 38
10 3 5
1 17 91
19 12 44
5 10 73
16 16 43
14 19 99
15 14 31
19 1 20
7 12 33
13 7 16
0 14 79
12 19 9
13 7 51
5 6 74
17 17 45
14 3 65
15 18 61
14 14 72
12 12 66
15 1 40
7 4 85
19 18 69
19 16 87
19 3 70
15 16 18
13 7 30
19 0 33
14 2 63
6 2 22
14 14 12
15 17 87
12 5 23
2 3 82
9 7 14
12 13 97
7 7 91
15 3 27
14 8 16
0 3 53
16 4 3
8 3 78
11 19 5
14 16 73
14 15 53
11 16 32
8 9 12
11 3 94
17 0 54
2 11 36
12 9 50
19 16 6
16 6 69
4 7 22
11 18 55
8 12 65
19 10 88
1 4 62
3 12 15
5 18 46
18 3 97
16 18 60
17 6 55
9 11 94
15 14 44
8 14 33
14 14 100
0 19 11
1 17 29
15 19 90
16 3 45
5 8 42
15 9 28
16 14 85
1 0 61
19 19 78
2 4 22
18 4 42
3 1 64
8 19 52
14 17 31
15 12 22
4 9 23
2 19 40
5 13 54
6 3 34
12 5 22
4 15 17
5 16 81
0 18 16
1 1 92
17 15 3
16 8 30
13 12 10
7 15 73
19 7 47
9 15 97
7 2 58
1 5 20
1 1 68
3 2 69
9 11 56
11 13 100
7 3 17
6 6 99
4 17 38
17 17 23
0 19 18
1 11 49
18 7 55
0 9 54
3 19 96
17 6 15
19 15 91
6 8 81
5 14 57
16 6 9
10 5 70
1 0 22
2 11 90
9 16 77
12 1 65
19 12 100
4 5 55
3 9 25
0 7 26
3 9 14
0 18 92
18 1 72
15 19 70
10 13 48
6 1 82
3 9 5
7 15 14
5 12 46
9 19 36
7 3 95
16 6 41
4 8 93
6 18 50
10 10 24
15 3 30
9 3 44
16 9 86
15 3 86
5 12 68
7 12 20
12 13 15
13 0 82
1 17 76
8 1 2
5 4 75
3 9 99
19 11 9
15 19 93
6 2 42
9 17 53
8 3 10
10 18 45
16 4 54
18 16 4
6 1 41
17 2 88
8 16 97
0 13 66
5 8 65
17 14 70
12 0 9
18 18 54
9 14 2
18 13 98
12 14 13
6 16 66
11 11 3
13 15 11
18 3 58
19 9 83
11 18 78
9 16 68
6 7 85
4 13 95
19 18 11
14 0 75
15 8 20
10 18 22
12 15 84
13 9 84
9 9 68
5 14 82
6 14 75
4 2 58
12 5 70
18 17 11
8 5 14
15 8 75
3 6 57
10 15 72
16 13 83
19 8 5
3 7 43
10 12 27
16 1 88
17 15 20
8 8 68
5 19 83
6 7 58
18 8 39
6 15 45
5 12 1
15 18 28
5 11 68
15 1 41
0 3 15
13 16 40
14 7 2
4 6 7
5 0 55
19 8 61
18 18 9
15 7 57
11 12 21
19 1 49
5 4 31
7 8 79
4 13 18
19 15 72
19 11 60
4 13 36
10 12 29
14 9 82
7 6 84
11 12 28
11 3 84
8 3 6
8 11 35
9 8 81
13 1 64
2 12 95
8 1 15
9 7 80
17 11 93
1 17 34
17 3 30
15 7 98
12 18 59
9 14 79
2 11 3
9 10 59
6 9 59
13 5 44
18 2 53
7 2 71
7 0 65
4 18 56
0 14 77
6 1 31
5 16 52
10 2 89
10 13 39
8 4 88
9 13 28
7 12 83
7 2 89
19 0 25
4 2 38
2 4 91
19 8 82
17 6 40
7 12 65
1 10 38
4 9 96
6 3 53
9 4 74
2 3 45
5 15 36
11 19 77
0 10 3
12 4 22
11 12 42
15 11 50
9 17 6
15 17 42
17 19 53
15 12 28
16 2 69
0 5 2
5 1 2
16 10 67
14 3 5
9 9 5
15 1 43
8 12 91
1 3 41
3 3 2
13 16 26
8 7 92
2 14 30
10 8 29
10 0 61
11 11 40
3 3 70
18 18 66
9 15 36
2 16 42
7 16 26
2 10 21
14 7 71
8 17 49
17 5 47
2 2 16
6 13 19
17 14 6
13 7 85
5 18 92
19 8 21
19 3 20
3 0 34
11 14 56
10 9 34
10 4 82
9 6 2
3 19 96
1 11 54
10 18 3
17 11 16
5 0 49
15 6 92
0 5 35
18 4 9
2 15 91
13 7 27
18 8 55
2 1 37
19 1 3
5 12 99
13 8 88
4 8 89
7 11 86
6 8 60
19 5 6
18 4 94
17 13 2
19 14 74
13 5 50
14 6 40
18 8 57
7 9 92
7 7 57
16 12 35
5 19 32
13 8 37
14 12 35
16 8 23
3 9 27
3 15 50
1 17 46
8 16 75
1 19 44
1 7 35
2 12 40
8 18 76
14 5 65
2 8 34
14 9 57
1 0 83
12 16 94
7 14 77
9 1 11
13 18 94
11 17 69
6 14 31
12 1 35
14 5 78
4 0 45
16 2 52
11 16 23
8 11 20
19 18 5
12 15 80
3 5 71
17 7 28
7 2 56
3 11 21
17 12 21
14 5 43
19 1 89
9 8 69
13 11 96
0 3 28
2 6 37
12 4 49
11 6 57
5 9 39
2 1 46
17 14 55
9 1 92
15 12 86
12 0 84
18 14 17
12 14 77
14 3 16
13 18 97
17 8 2
11 9 24
7 11 5
10 5 52
5 6 66
13 5 86
10 7 24
18 12 47
8 6 78
13 16 61
12 4 50
12 9 96
10 19 48
8 5 85
5 0 63
13 18 97
12 3 64
19 6 38
4 16 59
14 7 27
3 8 40
6 10 51
12 5 55
1 9 82
1 10 48
3 2 78
18 13 36
4 5 78
11 6 37
13 15 81
14 19 86
11 3 99
19 17 75
14 1 23
14 10 97
17 12 11
3 10 96
12 3 64
3 8 96
9 17 94
2 11 15
5 6 18
2 14 6
1 8 4
15 3 78
9 11 21
17 4 64
18 2 15
16 7 92
9 7 19
5 16 8
0 11 68
9 17 5
8 3 82
12 1 63
9 19 44
7 10 3
12 0 36
7 9 42
14 16 18
19 6 99
18 19 32
11 19 85
6 11 32
17 12 83
1 15 7
2 3 9
14 16 58
1 3 43
8 6 63
16 11 9
14 3 95
4 14 15
4 16 94
4 8 75
17 8 39
16 11 64
6 2 40
5 9 7
14 17 90
3 10 89
3 11 23
5 11 94
10 1 68
10 9 21
8 8 41
9 12 80
11 5 16
9 5 30
16 10 94
0 14 69
13 6 3
8 2 23
4 5 92
16 3 72
11 15 71
19 0 46
17 11 98
8 2 95
9 2 3
11 18 18
1 5 14
14 16 74
4 19 42
4 0 71
10 14 24
17 0 52
15 14 91
17 13 31
14 2 17
17 16 78
19 6 91
16 9 17
4 9 65
13 9 70
15 16 29
18 13 83
3 10 79
19 6 81
2 3 97
3 3 71
6 10 2
0 5 60
10 6 1
7 4 98
16 17 10
2 18 19
1 17 50
1 3 95
7 8 92
12 7 87
9 14 4
15 13 36
1 11 66
10 17 12
5 9 37
12 14 67
15 18 77
5 19 46
6 0 17
9 9 9
6 12 85
19 17 94
7 16 5
2 1 32
2 14 23
7 18 59
8 5 42
16 18 65
7 19 46
16 6 80
10 8 68
9 17 20
6 14 55
4 14 63
12 2 64
16 0 31
6 8 9
8 14 47
2 14 80
6 11 80
16 10 33
9 5 80
16 13 54
9 14 73
5 4 83
8 16 8
5 6 77
12 10 22
1 4 27
1 9 30
14 2 52
5 11 50
15 19 22
13 13 90
16 10 36
8 7 99
18 7 39
6 7 34
8 14 37
0 1 92
10 12 96
4 11 36
5 16 12
18 5 40
9 11 70
9 1 55
7 5 46
11 1 45
19 3 28
19 19 41
19 7 44
19 16 72
19 19 19
9 4 49
10 15 9
17 10 47
16 5 9
6 4 72
3 6 90
11 15 5
4 0 40
15 3 51
16 6 24
13 14 98
11 0 22
12 9 2
18 15 64
8 3 99
13 18 68
9 12 40
19 6 27
17 1 98
13 3 85
19 6 31
0 12 32
19 2 56
2 1 9
1 15 76
13 11 98
10 15 57
17 4 39
11 16 96
12 7 77
8 18 54
11 7 7
16 9 51
19 5 16
12 1 64
3 12 93
7 5 11
19 9 12
18 13 33
6 2 60
2 6 93
1 1 28
17 0 1
8 9 33
7 10 45
1 13 36
11 5 6
2 11 23
16 17 22
18 7 42
9 2 95
9 12 92
3 18 54
19 15 47
13 0 57
14 1 52
3 16 63
3 4 36
16 12 80
11 3 58
2 3 8
4 2 29
2 6 45
3 19 28
0 6 87
4 15 68
3 7 52
5 9 16
4 8 37
2 16 25
1 15 3
13 1 87
16 5 8
10 12 84
17 3 28
18 14 100
19 11 11
18 9 68
14 3 46
8 11 44
0 6 76
16 12 22
4 17 100
19 4 31
17 3 85
3 3 6
12 10 30
14 7 69
7 17 38
8 16 24
2 1 23
8 6 40
18 5 80
4 2 93
18 1 48
7 2 22
17 6 65
7 14 50
15 18 8
7 1 49
15 12 95
16 9 93
11 12 15
3 3 68
6 6 1
1 19 1
3 10 68
17 8 17
10 2 73
8 16 43
18 7 48
14 19 87
3 4 98
2 0 73
19 12 57
3 6 45
5 0 63
5 6 2
18 4 4
9 3 18
6 14 8
14 15 29
15 9 3
3 18 3
17 12 52
13 14 64
17 0 33
12 4 29
9 4 47
3 8 67
10 4 71
19 13 28
10 4 64
7 12 89
2 10 60
6 7 8
3 4 81
4 14 42
19 3 42
3 4 9
18 8 73
7 11 88
10 12 78
17 11 24
0 4 59
17 19 61
0 4 9
11 5 94
5 18 54
9 15 24
6 2 3
6 19 63
2 1 40
14 19 46
13 3 14
3 14 97
2 2 31
4 14 81
6 16 78
7 7 86
7 1 71
2 8 13
13 13 56
13 3 25
18 19 100
3 6 65
17 0 18
2 18 16
19 17 24
14 4 87
16 16 38
1 4 61
16 8 97
13 16 10
2 5 94
0 4 78
0 11 86
17 9 88
18 0 80
18 16 100
9 8 83
16 11 21
16 0 58
19 6 93
19 7 97
1 6 57
18 18 55
13 14 32
10 3 50
4 18 31
9 14 46
18 12 10
18 9 21
18 9 18
4 14 16
18 4 79
9 10 97
19 10 25
6 18 25
1 11 26
5 6 38
17 12 46
6 19 99
9 17 23
14 2 46
5 8 97
7 2 44
16 7 34
16 7 27
16 3 53
8 17 4
0 13 80
1 12 38
10 2 90
14 1 90
3 9 83
10 19 58
16 4 78
7 17 79
3 16 29
6 19 28
11 2 82
6 11 21
2 5 33
8 13 48
13 1 71
3 6 22
10 6 54
11 4 52
1 1 62
10 13 13
3 6 19
3 12 13
7 6 83
1 0 14
9 7 60
0 7 32
18 14 74
12 19 4
4 4 80
3 5 74
19 14 11
13 8 20
19 11 79
10 11 20
1 6 47
17 15 35
15 0 85
7 14 40
10 16 14
13 2 64
4 9 66
16 5 71
7 18 95
18 17 1
11 8 80
18 17 19
16 12 39
0 18 86
19 8 8
14 13 17
10 16 66
9 17 46
9 10 63
0 14 48
16 17 73
7 10 39
1 18 66
0 6 99
7 17 46
15 15 66
18 12 38
11 16 6
11 15 96
18 6 4
6 5 11
17 19 10
16 12 83
6 15 69
0 12 43
11 8 25
6 16 47
10 9 55
7 9 3
2 10 11
5 15 99
18 9 23
18 15 47
13 2 4
5 15 52
12 6 43
19 18 8
11 17 43
1 1 58
18 4 18
6 12 66
15 8 59
1 10 6
3 6 93
16 13 65
18 17 41
19 8 7
12 4 7
15 2 81
19 5 33
18 10 22
13 8 72
9 19 88
9 0 88
19 13 69
19 2 29
8 2 16
19 9 66
0 18 36
8 19 37
18 7 52
11 15 64
5 8 43
7 2 48
16 8 100
9 3 84
19 11 44
9 17 80
6 8 6
19 8 51
18 2 97
19 12 98
13 5 15
2 16 68
18 18 31
3 13 85
5 14 89
13 5 40
13 18 73
1 16 54
15 13 23
9 9 61
16 15 22
12 7 98
11 10 58
0 19 68
4 8 18
10 4 98
12 9 89
0 17 89
6 0 9
18 13 40
10 1 23
7 17 84
6 7 42
19 8 2
1 13 9
4 18 86
18 16 44
18 10 97
5 11 90
1 9 86
3 14 5
1 10 60
11 9 63
12 4 85
9 3 42
6 19 90
1 19 1
0 3 47
16 14 27
6 9 82
4 3 72
0 11 10
11 6 25
16 9 26
2 3 97
3 10 77
2 1 25
17 3 77
14 3 62
6 7 21
13 2 40
10 4 21
17 16 41
13 6 97
15 7 83
14 16 12
1 3 54
16 10 10
11 15 84
4 9 24
18 1 47
9 4 53
11 5 68
15 11 23
12 7 40
14 6 57
9 10 39
9 6 73
5 11 99
5 4 63
3 18 71
2 12 50
10 4 44
11 5 78
9 17 70
16 3 96
14 18 79
9 15 24
19 9 24
2 2 13
19 5 68
1 8 74
15 3 29
7 15 84
7 3 86
4 5 75
3 13 69
1 12 3
13 3 29
5 17 4
11 19 75
7 3 2
18 14 1
2 6 30
18 3 47
5 18 35
3 2 1
17 15 30
9 12 54
14 5 52
16 7 54
11 3 18
9 2 82
10 17 69
12 9 61
15 4 22
4 11 41
16 15 22
9 19 25
7 9 33
0 11 29
1 8 89
0 12 3
16 2 43
10 12 47
5 17 20
8 3 63
14 13 65
13 2 92
10 16 88
8 3 75
15 7 73
9 19 13
14 0 36
1 11 92
11 9 4
1 4 78
1 5 73
7 4 68
12 8 81
12 15 28
13 0 25
4 0 79
7 17 52
16 17 3
3 7 64
19 12 57
10 15 87
1 19 14
9 17 94
10 7 32
18 18 42
17 3 86
10 0 62
6 16 38
5 7 52
2 4 26
11 9 10
11 5 19
4 11 49
16 17 72
11 6 27
13 17 76
3 3 16
12 17 23
14 14 28
12 17 84
9 15 66
6 0 35
10 13 97
3 14 30
10 11 43
15 1 12
4 19 33
10 3 42
12 12 16
15 6 69
11 5 30
14 9 3
8 5 56
4 17 33
0 4 74
12 7 59
4 13 96
8 3 41
2 10 26
2 16 79
12 13 86
11 10 75
4 12 8
3 14 66
16 14 26
18 17 65
16 18 4
13 9 96
1 14 42
2 4 94
10 1 24
13 9 74
15 19 23
8 2 55
13 14 53
12 19 38
7 8 88
8 6 98
0 12 68
10 6 95
18 1 94
14 7 10
1 5 58
17 1 22
1 16 16
8 15 76
0 7 84
6 12 66
10 3 60
6 5 8
0 4 29
9 17 40
9 19 74
18 5 64
9 4 5
2 12 98
13 10 23
17 19 15
7 1 43
3 2 47
0 4 49
6 12 81
0 14 7
14 17 66
1 9 8
4 16 88
19 13 30
4 7 93
17 16 5
19 13 23
12 2 77
4 4 31
3 3 89
2 16 96
0 17 96
14 17 71
18 17 35
19 12 20
11 2 96
17 13 27
8 13 90
6 8 6
9 2 42
13 15 44
9 14 1
0 12 93
6 13 22
12 2 96
4 17 82
1 19 94
14 12 99
10 0 42
10 5 61
4 9 50
11 15 45
0 10 58
9 11 67
4 13 25
13 18 36
11 15 5
4 3 27
6 12 48
14 0 61
1 8 76
17 12 71
18 16 85
7 7 76
16 1 17
0 12 86
7 19 88
2 11 100
16 18 19
17 16 89
6 9 54
4 0 68
8 2 61
3 13 88
17 4 93
14 16 48
14 10 65
7 3 27
2 3 18
2 9 33
13 9 85
13 8 56
3 1 71
9 10 41
16 14 46
15 14 48
12 2 26
13 2 24
4 11 47
12 6 79
12 18 43
9 0 9
5 3 8
7 15 29
19 13 3
8 8 68
3 2 91
11 4 91
4 5 89
8 13 21
1 19 82
0 17 49
0 17 41
8 2 81
10 12 52
2 5 10
6 5 61
15 1 86
5 12 100
3 14 28
8 14 64
12 13 2
19 4 91
10 9 81
0 10 7
1 3 39
8 17 28
16 9 82
18 15 97
10 6 49
6 9 23
9 6 66
9 13 76
12 7 39
2 10 60
7 9 30
1 9 1
2 3 99
4 4 40
13 12 57
5 18 81
1 13 27
5 15 17
17 15 97
13 8 79
11 4 20
18 7 57
13 17 100
16 5 28
10 11 53
16 2 47
10 9 42
8 8 87
9 12 43
5 17 91
18 4 16
2 19 57
18 16 68
18 4 78
19 10 38
4 16 16
4 4 52
0 10 49
18 1 25
7 13 71
3 10 46
18 10 39
5 11 97
6 13 60
9 3 82
4 3 23
7 16 61
0 14 90
6 2 95
9 7 8
6 9 100
18 3 48
6 16 2
18 15 12
4 17 28
6 15 11
10 6 46
14 11 32
4 7 80
11 3 70
11 3 34
14 12 5
11 9 2
18 18 36
18 19 25
5 6 98
2 17 94
6 4 29
5 9 49
0 11 30
11 11 34
14 3 52
11 1 27
15 6 18
5 1 89
18 1 1
3 13 58
2 1 3
10 11 85
16 3 31
0 12 89
0 10 26
0 5 52
13 17 82
13 5 43
9 14 93
15 7 58
3 14 19
15 7 52
8 17 84
14 18 61
19 6 43
6 8 65
19 4 6
14 10 26
1 3 89
9 11 58
7 5 75
4 2 71
3 7 66
12 12 45
13 0 32
2 2 58
4 6 70
11 11 67
15 2 7
11 6 46
5 10 21
6 9 21
5 6 21
16 16 48
8 5 56
11 12 85
8 14 98
1 8 30
10 10 21
14 14 11
3 2 51
0 17 99
2 12 77
5 12 98
17 13 56
13 13 40
12 5 68
18 4 45
18 7 31
12 12 25
19 10 36
13 0 14
5 14 36
10 1 85
2 19 79
8 6 74
3 1 29
18 0 62
9 18 55
8 12 8
17 2 80
6 13 50
2 1 11
19 6 78
7 9 73
15 10 84
0 5 51
15 1 98
16 10 11
2 12 92
0 19 33
19 15 53
5 1 81
19 11 46
9 6 37
5 13 32
3 14 16
17 9 18
6 11 62
15 18 6
17 4 90
8 16 48
1 9 2
9 6 31
15 4 62
14 0 92
11 16 65
2 18 12
8 14 24
8 4 63
14 15 2
16 0 81
19 16 98
3 16 82
5 15 41
1 8 78
15 0 43
18 2 33
16 19 6
9 4 87
12 16 97
18 16 91
12 4 37
16 0 55
2 4 79
2 11 35
16 10 15
0 5 21
5 15 59
18 3 15
11 4 66
13 9 68
6 11 88
11 6 80
18 6 99
15 16 37
4 6 6
17 14 64
9 19 62
19 4 52
19 15 45
19 1 94
0 4 35
0 10 32
1 4 2
4 15 15
18 8 56
1 3 42
3 4 44
19 12 99
8 0 42
14 0 88
17 14 21
7 11 71
18 0 50
2 9 74
6 2 84
14 12 64
4 10 23
10 10 85
18 6 67
10 12 19
12 12 6
7 9 39
9 16 4
3 19 50
4 18 35
0 8 100
15 10 72
12 13 86
12 8 47
16 4 31
13 9 5
2 9 7
11 0 92
16 18 70
18 15 72
18 0 6
8 15 49
9 12 69
7 15 64
14 19 48
1 19 41
18 4 12
0 8 3
4 6 90
6 13 69
15 10 74
8 11 11
7 2 17
3 7 42
14 17 96
7 4 63
9 16 92
15 12 95
15 13 45
14 15 62
11 4 69
8 10 56
9 1 83
11 1 66
16 17 56
17 17 46
17 18 47
4 10 46
9 16 89
14 16 29
8 1 61
12 5 77
19 9 83
8 2 31
0 10 46
9 0 1
16 17 79
7 3 60
7 8 84
1 4 73
2 6 37
11 15 98
15 15 73
0 7 12
9 12 13
11 6 86
19 1 46
6 7 93
17 5 92
18 7 70
15 7 49
15 1 49
18 7 22
13 16 24
2 2 62
12 2 57
6 7 41
17 19 85
7 16 34
15 12 92
10 0 53
9 15 23
16 9 43
9 17 99
19 5 88
0 19 33
19 13 38
3 17 16
12 17 92
8 19 78
15 15 43
10 16 26
2 6 45
4 6 55
5 17 84
14 0 28
10 13 2
4 14 15
18 19 37
8 9 21
0 18 42
3 5 42
3 6 89
8 13 43
15 1 34
15 5 15
4 15 6
8 8 69
0 8 96
18 19 1
11 3 60
11 17 6
3 16 69
12 15 84
6 3 11
8 9 19
8 18 31
9 17 26
0 15 30
13 5 18
0 15 7
17 13 91
3 10 32
13 17 61
17 5 71
18 16 37
17 3 14
10 13 15
18 3 90
15 0 89
9 0 73
9 16 31
0 3 97
14 0 68
14 6 65
11 16 33
6 18 70
19 14 87
10 10 4
11 13 67
2 6 2
13 14 15
13 7 81
16 19 86
13 18 13
2 17 7
1 15 10
6 8 71
5 0 59
14 4 7
1 4 46
11 16 31
19 9 54
0 2 6
3 9 20
3 14 23
19 12 71
7 13 44
8 9 45
5 0 73
4 0 88
7 7 44
14 15 73
9 8 80
16 18 91
4 6 68
1 2 80
12 15 67
2 0 71
8 1 30
13 4 93
16 11 27
11 4 81
18 17 10
11 7 94
3 7 99
2 17 79
6 18 26
19 2 81
12 17 91
18 4 20
11 14 88
3 15 53
18 2 22
0 9 71
12 0 57
7 15 34
5 4 42
15 5 32
18 0 34
12 17 64
4 12 64
3 7 76
1 8 85
13 18 15
4 3 79
17 5 19
7 7 83
11 8 40
5 6 89
18 2 32
0 12 32
14 5 94
16 8 4
6 11 100
9 4 86
15 14 49
15 10 13
19 0 41
6 0 45
13 3 90
8 0 37
6 0 31
12 6 95
6 7 40
4 12 64
6 2 15
1 6 75
6 2 12
10 14 28
9 11 76
18 16 56
0 8 2
2 18 13
6 11 49
16 10 45
6 16 59
18 18 93
18 4 100
15 16 40
3 17 37
2 17 50
2 13 56
16 14 72
16 16 20
9 12 80
8 1 69
11 16 57
2 1 25
16 6 89
11 2 83
12 10 21
4 3 58
3 7 48
10 19 25
14 9 93
11 9 35
1 18 88
18 14 30
10 8 48
16 1 51
9 5 89
5 5 38
1 11 76
12 5 7
3 16 49
6 12 88
11 9 1
19 12 56
15 15 82
10 19 44
2 13 9
2 0 20
14 16 19
18 3 1
14 18 80
2 1 95
17 3 59
11 16 19
8 10 12
16 6 27
16 3 91
14 6 34
16 17 81
0 9 69
3 4 20
5 18 39
6 11 28
2 10 67
12 15 62
6 15 12
11 17 67
8 6 45
5 17 21
15 9 44
7 10 85
16 5 30
9 6 100
8 6 97
9 0 51
13 5 41
19 4 76
1 7 20
9 5 74
11 1 83
15 4 50
1 17 16
2 14 77
10 14 39
15 15 95
9 1 36
18 18 82
4 6 66
13 9 16
0 4 96
12 18 22
10 8 62
12 11 44
2 9 35
16 10 56
8 7 29
3 1 70
9 16 9
10 4 64
12 6 34
9 15 82
11 4 90
5 8 79
5 19 8
19 6 19
2 2 1
19 5 79
6 17 84
11 10 89
5 11 74
4 18 25
7 17 27
8 14 51
17 16 53
3 14 5
3 11 29
4 8 68
15 4 33
0 18 6
7 1 68
2 18 24
15 6 96
15 9 95
14 3 100
11 13 86
6 7 5
19 6 73
18 12 49
12 12 48
15 10 68
16 1 16
4 15 7
12 16 17
4 8 65
17 10 99
0 1 62
2 2 50
2 13 9
4 7 40
0 14 32
13 7 84
8 2 25
1 8 12
19 11 91
16 1 62
9 17 99
2 8 85
9 5 8
10 12 72
2 10 7
10 4 20
0 3 74
3 8 65
14 13 70
9 12 45
16 14 34
9 16 88
6 15 59
14 5 24
12 11 70
4 2 45
2 19 50
1 6 24
19 11 21
10 9 30
6 9 28
16 11 11
16 9 45
19 9 99
6 16 14
0 16 9
1 16 32
8 16 39
1 9 6
2 16 72
13 13 21
8 3 8
19 11 68
3 0 90
10 3 51
17 4 10
1 18 12
17 14 5
3 10 26
16 8 21
18 15 7
16 14 60
8 9 97
16 5 53
13 2 38
15 6 82
19 6 73
2 3 9
14 2 57
3 7 100
14 4 60
1 11 45
15 8 3
19 18 29
8 11 29
16 5 86
13 5 99
2 4 58
14 2 1
18 17 95
5 14 61
7 9 13
4 13 4
3 16 71
16 8 6
17 10 58
19 0 6
15 8 72
6 2 83
15 5 94
16 4 46
6 4 54
7 3 64
7 5 73
15 14 58
4 17 37
3 12 26
4 15 17
17 0 54
9 3 43
11 15 76
14 9 84
9 1 6
4 9 26
12 2 49
2 13 90
18 19 70
19 13 75
4 7 25
13 14 80
7 13 33
17 9 79
7 16 32
14 16 96
6 8 86
9 4 30
16 0 7
19 19 14
1 14 53
17 10 16
14 19 30
5 7 100
3 7 78
0 2 69
2 17 33
0 0 20
14 14 99
10 5 18
14 5 25
1 0 95
18 19 45
18 19 61
12 3 78
14 6 73
16 7 27
15 16 85
5 4 55
8 16 27
12 7 79
17 9 22
0 0 43
9 10 43
4 17 62
6 8 45
12 7 95
16 15 70
16 17 55
7 2 26
12 1 27
17 13 63
9 4 57
19 9 49
13 8 36
6 3 8
6 9 2
18 15 57
13 1 64
7 17 21
1 17 72
9 8 34
9 10 81
5 4 52
3 4 38
3 19 51
13 7 17
1 14 99
18 6 67
1 9 74
15 5 50
2 12 49
6 4 99
8 2 86
19 2 5
13 3 87
2 1 11
9 2 20
7 4 52
12 19 39
6 9 91
15 11 26
16 1 66
14 10 9
12 1 61
8 14 38
13 0 95
6 12 85
0 14 17
3 15 88
4 17 46
15 15 80
15 11 2
13 11 69
12 5 100
17 4 15
4 0 54
7 10 14
13 2 45
6 14 79
19 9 79
11 7 13
4 2 25
16 18 37
14 10 57
5 15 24
6 12 5
9 16 7
17 14 80
15 6 89
1 18 54
7 18 89
6 0 60
11 0 58
4 2 50
4 8 78
8 9 16
9 4 66
12 5 100
16 12 12
5 3 82
16 0 83
12 16 51
16 19 27
18 6 86
10 4 92
14 0 56
10 16 85
1 17 40
13 17 74
3 18 9
16 1 77
19 14 92
11 16 55
6 13 15
8 15 97
10 10 51
2 4 36
16 11 42
11 9 81
12 11 35
8 5 59
2 14 40
4 13 9
16 6 87
9 10 23
16 8 6
10 15 16
18 7 38
5 17 98
8 18 69
15 1 94
19 5 83
16 9 18
13 1 70
14 11 42
18 8 15
7 14 85
12 5 28
4 4 24
2 7 92
13 1 38
3 13 45
18 14 4
2 6 20
2 6 19
14 17 18
19 4 72
10 13 42
4 10 44
18 7 4
7 4 20
11 6 29
3 7 14
12 3 73
0 7 86
8 10 43
6 8 66
1 3 84
10 1 80
8 16 77
2 1 51
0 15 6
1 2 3
16 0 57
7 16 88
19 6 77
10 16 33
8 5 30
17 14 51
15 14 82
14 14 71
10 11 89
17 15 72
9 19 97
12 17 52
10 12 13
5 14 65
11 18 80
3 16 65
11 16 74
5 0 89
15 1 41
17 1 16
9 12 94
2 9 15
10 19 12
13 0 11
19 3 49
3 6 34
11 4 47
12 17 8
16 19 45
10 10 61
7 13 97
2 4 94
19 15 19
11 2 59
1 11 29
11 15 67
5 14 40
2 4 68
19 6 33
4 13 43
2 4 16
12 14 90
2 18 81
5 16 59
11 7 33
9 0 21
14 12 77
1 5 48
11 14 45
4 3 40
8 15 74
18 14 92
16 19 69
14 10 39
19 4 16
3 1 87
17 8 96
4 3 10
16 2 14
18 17 27
10 6 14
8 15 75
12 15 13
10 4 18
12 2 5
18 6 5
7 5 46
10 8 89
1 0 95
9 6 76
12 9 33
9 3 80
14 8 85
1 8 88
7 1 39
6 5 87
16 1 67
13 4 55
2 4 87
7 17 100
1 11 27
2 0 64
6 11 78
17 0 73
16 19 39
4 1 64
19 18 24
0 14 37
19 16 66
7 19 60
0 17 98
6 15 77
8 10 85
4 13 51
19 8 54
5 7 25
12 0 27
17 4 56
11 10 23
6 18 28
3 13 39
18 0 61
14 4 53
0 6 80
17 14 4
19 4 81
14 17 67
17 19 90
17 2 11
15 8 67
1 16 18
5 7 19
9 8 34
4 7 37
18 17 44
5 13 68
5 6 98
19 9 69
13 16 54
8 4 32
0 13 30
5 4 81
0 12 79
9 4 61
10 2 30
17 8 27
4 7 51
19 6 48
11 9 31
14 10 85
4 19 90
6 10 77
5 6 63
2 19 64
11 13 48
12 4 42
18 12 71
0 12 45
13 0 28
12 3 60
19 7 29
14 10 22
4 17 31
14 0 47
3 17 93
16 8 63
8 12 83
1 6 40
1 0 18
13 14 16
17 5 40
0 19 7
9 7 42
9 9 32
7 19 33
17 7 31
6 5 15
2 0 44
13 4 67
2 3 55
19 10 24
11 7 16
13 3 8
13 2 71
9 15 12
6 1 25
18 6 70
15 13 22
7 12 26
4 15 4
1 5 12
12 18 15
6 5 38
9 14 78
18 8 29
11 13 3
1 15 30
10 18 9
2 12 36
19 19 10
19 1 17
0 1 12
18 12 88
8 19 55
13 9 24
2 4 38
11 3 83
17 14 62
2 5 67
8 16 46
3 2 86
6 7 7
14 1 86
5 8 71
5 16 9
3 19 78
14 15 55
10 18 8
0 2 97
17 17 19
14 12 54
10 5 4
2 16 22
4 0 50
10 8 62
11 1 83
4 11 94
10 11 30
19 16 28
1 14 15
8 13 51
13 5 34
7 19 25
6 7 25
1 13 35
3 8 38
1 14 45
2 10 63
16 9 95
16 13 40
6 8 69
12 2 36
0 13 74
5 9 14
0 12 9
6 5 99
6 16 93
14 2 71
17 3 48
16 3 66
14 1 100
4 9 78
17 2 15
8 5 64
14 5 20
13 0 6
3 1 67
3 0 73
18 19 1
5 3 37
10 19 80
8 7 52
6 7 28
8 18 1
10 1 64
10 0 32
16 3 83
6 0 3
16 4 92
4 10 48
2 14 55
10 2 60
1 5 78
19 1 77
14 4 20
1 8 35
0 4 8
11 19 67
1 8 40
6 9 46
0 5 56
13 13 68
10 18 48
2 15 59
0 0 13
12 18 60
2 0 34
12 13 18
1 12 70
15 3 98
9 18 1
11 18 67
0 5 64
11 4 35
7 6 83
1 17 49
2 15 14
8 1 17
9 3 69
13 18 70
16 12 62
12 12 9
7 4 55
14 9 9
7 8 51
5 17 50
2 12 20
0 4 47
6 8 74
3 0 44
12 3 98
19 4 90
10 19 6
16 17 99
9 0 26
13 16 70
4 1 53
6 0 18
18 18 66
0 16 16
2 14 9
16 11 34
3 11 49
8 1 45
17 5 60
11 4 26
3 3 35
5 3 2
6 16 84
7 3 22
16 15 33
8 18 30
5 6 27
12 11 24
15 0 74
11 13 23
11 2 62
12 8 92
18 1 33
0 8 96
18 15 51
17 18 29
3 4 2
16 9 100
17 2 23
10 10 36
11 19 63
18 6 3
2 15 13
10 17 19
11 4 43
12 9 39
10 3 30
10 14 86
10 13 50
18 11 39
11 0 7
2 3 48
18 16 22
15 11 38
15 12 56
4 18 20
17 8 36
13 1 52
2 6 65
17 0 85
4 12 55
13 3 97
11 14 58
12 1 67
14 13 14
9 7 80
15 8 100
6 16 15
2 18 69
7 8 24
13 2 26
13 1 59
5 18 19
13 12 95
18 8 78
12 13 29
18 2 15
7 0 74
19 11 17
9 14 51
19 17 53
12 14 36
0 15 19
5 0 94
14 6 71
19 10 1
7 14 96
19 18 7
13 4 25
19 9 24
12 7 65
1 14 64
14 11 36
9 3 48
10 2 5
19 3 13
9 15 71
13 17 15
8 10 54
7 19 36
12 5 97
14 10 1
19 18 26
6 8 90
5 8 28
5 13 19
15 6 53
18 3 91
2 1 63
19 10 59
14 10 44
12 8 51
12 8 85
5 2 21
8 6 24
11 3 37
3 9 82
10 6 22
11 6 13
18 6 93
2 15 21
11 4 53
7 9 47
13 11 89
5 11 73
15 18 10
0 2 3
2 0 5
19 15 92
3 10 25
16 8 82
19 16 41
7 13 4
9 19 68
5 12 25
5 0 16
6 12 71
3 11 50
19 7 26
15 13 46
4 4 81
6 9 54
8 14 97
19 1 1
4 19 61
0 13 14
7 11 26
16 9 21
3 18 1
13 8 2
8 6 42
6 18 39
9 11 62
16 7 91
6 10 80
14 9 43
16 0 62
13 8 41
8 18 19
5 0 84
13 3 23
0 11 86
13 6 89
12 10 83
17 1 82
15 14 31
7 14 89
18 19 63
0 8 4
3 17 34
19 0 70
12 6 40
9 17 14
3 3 4
4 9 74
16 14 3
17 8 83
13 19 38
17 15 1
17 0 82
7 0 30
15 7 31
19 0 97
8 1 70
16 2 9
6 0 74
4 18 67
3 3 86
1 3 58
5 5 12
0 9 29
13 8 51
8 8 93
3 13 90
17 5 48
10 9 45
10 19 37
13 13 27
16 14 82
1 17 64
4 10 56
5 4 70
3 7 30
7 6 96
9 5 6
8 2 20
5 1 77
16 7 87
8 15 75
11 14 6
8 7 54
16 5 24
12 1 33
11 2 28
11 1 81
0 17 11
13 12 78
3 12 42
12 4 56
16 16 83
10 6 5
7 10 29
5 1 2
15 9 96
8 18 96
13 17 28
5 7 64
11 13 56
4 15 15
17 14 84
15 5 34
6 1 16
15 16 30
19 15 13
15 1 20
14 17 94
7 10 81
13 13 81
1 13 52
16 19 43
16 1 26
3 13 9
12 13 97
14 9 22
4 14 26
13 3 22
2 18 60
4 7 16
1 8 49
2 8 13
8 8 19
1 15 41
6 0 87
9 5 66
5 8 80
17 13 3
11 13 57
6 18 62
18 11 29
2 13 24
8 8 55
3 19 56
15 9 38
6 0 60
17 1 87
2 18 7
3 6 37
14 17 39
13 19 70
18 3 81
1 7 31
15 10 68
9 13 54
6 7 4
12 11 15
5 13 16
18 19 7
10 10 15
4 4 16
17 15 5
6 15 30
1 15 15
12 0 17
18 11 1
1 14 65
6 4 88
6 14 93
0 12 57
6 17 74
8 0 73
8 17 16
10 8 60
13 11 64
14 10 22
17 2 51
3 1 74
18 8 66
7 8 98
11 15 83
4 8 46
18 2 83
7 8 95
3 11 11
14 15 96
6 8 49
18 6 91
