16 18 350005
15 19 371868
14 11 521286
15 2 618096
11 3 783669
12 3 525606
16 5 974784
14 7 228817
17 10 788564
3 3 370469
0 7 547922
2 8 488979
5 4 973860
13 6 932042
7 0 399597
17 4 908139
15 1 417973
11 11 297482
1 7 935902
16 1 978120
6 4 332479
5 13 799578
19 16 654299
18 8 322083
12 1 807145
1 1 210399
8 4 651995
4 16 158470
9 14 731206
5 7 203845
4 12 743758
1 3 974195
4 12 831721
3 17 931664
12 11 118371
17 18 980390
10 0 761862
6 3 654508
16 11 959045
1 10 415494
9 7 925632
16 19 958467
15 1 926804
15 14 647319
2 7 967084
4 14 324182
16 17 252396
10 7 836891
0 2 518596
10 1 469638
