14 19 10
7 19 14
2 15 3
3 11 55
19 18 17
2 8 79
0 0 3
7 7 64
9 6 46
14 14 95
4 16 62
11 9 50
15 4 23
12 4 70
1 16 11
18 1 53
15 8 66
4 5 77
0 13 53
11 15 84
11 11 66
2 1 19
13 8 48
12 0 23
12 15 54
5 17 50
7 9 69
0 4 14
10 8 5
10 9 6
11 9 51
14 6 9
10 11 1
4 15 45
5 16 95
1 0 1
12 7 84
16 7 20
16 3 80
1 6 32
17 2 9
19 0 37
1 8 23
13 4 9
6 7 17
0 17 60
19 16 77
2 13 27
5 17 98
8 13 61
16 1 56
16 13 79
1 8 49
16 15 21
1 18 68
9 4 55
9 16 96
11 0 83
2 6 19
1 5 16
4 7 29
12 19 83
7 1 21
16 10 40
17 13 27
19 2 47
10 17 27
8 7 20
7 6 91
5 1 55
5 3 18
11 15 13
10 12 44
2 0 83
8 2 4
10 13 29
10 14 33
15 7 90
11 12 91
12 12 15
8 16 42
16 14 59
11 12 29
4 1 75
18 11 85
13 14 37
7 18 3
7 18 25
9 16 58
9 3 43
16 14 53
13 12 26
4 6 44
19 18 12
12 14 7
14 7 16
10 18 80
12 13 100
1 18 10
6 7 54
